01/01/2014	4260 3681 1440 2351 1381 1789 1249 2943 2974 2237 2226 2610 2542 2709 3797 4942 3942 2727 1659 3956 1922
01/01/2015	1220 3240 2768 1798 2127 1235 1422 2851 2641 3026 2211 3751 4104 4537 4439 4616
01/02/2014	4255 3243 3220 3120 2690 2202 4247 4887 4746 4548 4527 3758 1878 4140 1809 3156 1175 1965 3805 3107 2755 2475 3663 4316 2717
01/02/2015	3682 2384 2383 3064 3086 2051 2271 1206 3510 3520 4147 3754 4933
01/03/2014	4146 2595 1483 1362 1241 2085 3737 2602 2514 1864 1764 1335 2279 4664 4822 4625 3746 2935 1658 1339 3517
01/03/2015	4031 2386 3178 2573 2680 2391 1107 4529 2977 1546 3316 1136 1684 4766 1837 3821 4856 4867 2617 3944
01/04/2014	4310 4465 3398 2361 1052 3284 3141 3848 2965 2733 1852 3028 1169 3621 4830 1948 2847
01/04/2015	4221 3794 4157 3079 1183 3438 2018 2953 1104 1014 1047 1575 2455 2884 1992 3663 3762 4455 4601 1749 3429
01/05/2014	4442 3684 1891 2174 2193 4182 3814 1415 3639 2129 4938 2238 3425 2269 2982 2047 4601 4997 4426 1969 2618 4823 2847 2725
01/05/2015	4075 4695 2144 3077 3044 2274 3154 3043 1536 2305 4608 2985 2655 2874 2500 1783 2552 4059 4324 4335 4636 2507
01/06/2014	4575 1440 2595 2594 3595 2010 2284 3218 3614 3849 1489 3006 1410 1057 2354 3113 1828 4975 3743 2638 3768 4649 4913
01/06/2015	4494 3365 3375 2351 2831 1500 2226 2049 3402 3587 1023 2563 3686 2729 4117 4448 4405 2989 3912 3835
01/07/2014	4551 2573 4171 4969 2369 2588 1113 2026 4367 3850 4722 4308 3376 2898 1522 1049 4818 2236 2411 3444 1364 1320 1947 1825 3966 1747 1922
01/07/2015	4320 2760 2220 3363 1094 2193 2380 1943 3316 1301 2775 2267 1585 2695 2101 1342 4544 4148 4149 4987 4911
01/08/2014	4144 3893 1495 1285 3451 3241 2086 2031 2294 2899 2107 4939 3534 3402 2664 1243 2651 4796 4765 3998 2407 4814
01/08/2015	4294 4691 3255 2462 4170 2427 2888 3914 2996 2532 3599 2004 2398 2222 2715 2814 4825 1306 1900
01/09/2014	3692 3299 3122 4915 1975 1568 3117 1005 2642 3334 2531 1552 3487 4356 4852 4623 1816 1408 4427 2946 1878
01/09/2015	4098 4891 4892 1495 3046 2194 1192 3590 2613 1831 1457 1960 1322 1188 4697 4951 4579 4757 2935 2868
01/10/2014	3106 3347 2676 3303 3929 4651 2850 4720 2937 1847 3879 1625
01/10/2015	4981 1909 4068 4883 1043 1214 3337 4015 4556 3953 1319 1968 1427 1878
01/11/2014	4078 2551 1241 2940 2544 2860 3751 4467 4403 3855 2606 4081 4915 4618 1403 4916 1820 1589 3489 2630 2750 3840 4557 3920 1869 1308
01/11/2015	3890 4231 2276 2781 3165 2194 2280 1514 2986 2689 4818 3038 1850 1893 2761 2684 4742 4811 4316 3877 3629 4515 4218 3966
01/12/2014	4165 3430 3649 3924 1623 3739 1655 1204 2952 2864 1430 1045 4665 2619 4854 2618 1606 3832 1702 1504 4803
01/12/2015	2290 4035 2264 2021 3318 1667 2469 2523 2443 3356 3774 4667 4757 1977
02/01/2014	4450 4014 1066 2472 4408 3538 4907 3259 1870 4666 2828 1814 3977 4847 3692 4364 4860 3178 2043 2020 3130 2480 1248 2311 1365 1265 3641 1528 4933
02/01/2015	3365 1164 3495 2944 2612 2942 3337 2763 2785 2553 3037 3455 4369 3841 3897 4304 4986 4668 4406 1537
02/02/2014	4133 1791 4291 3194 1180 4947 1139 1996 2215 2435 1113 2036 3289 1939 4679 4635 3921 4406 1923 2505
02/02/2015	2800 1930 2656 3437 3557 2356 3322 3287 3493 1329 2747
02/03/2014	4196 4256 2430 2232 2032 2152 2271 1998 2662 3730 3973 4208 3835 2043 3571 1206 1887 3905 1466 2950 2334 4257 1929 4632 1604
02/03/2015	3782 3167 3189 3386 1853 2927 2509 4867 4889 3757 1934 4847 1614 1270 3370 2855 2613 1887 3601 2236 1785 1465 2751 3984 2738
02/04/2014	4791 4231 3462 1480 1160 2602 2964 1554 2443 2201 1772 1651 3971 3795 4500 1859 2242 1450 1074 3273 4739 3469 2038 1004 2597 3763 2935 1427
02/04/2015	2176 2055 2370 2073 2270 1624 2467 4809 1695 1808 4328 3757 1119
02/05/2014	4393 4177 2001 2320 3298 2066 2164 1381 3306 1468 2018 2169 2289 2453 3476 4645
02/05/2015	4153 3691 3122 2022 1790 3176 2691 1360 3119 2964 3623 3414 1631 3049 2257 1597 1672 4105 4217 1628 4107 4019 1945
02/06/2014	3684 2251 1160 4958 1524 1425 1435 1127 3238 1159 3248 2489 3104 1399 1025 2321 3675 4700 3877 3518
02/06/2015	3180 4098 4197 4110 4694 3472 1083 3903 2789 2755 1379 1377 2400 4972 3999 2967 4726 4869 2758
02/07/2014	4684 4762 4058 3101 2834 1899 1811 1216 1410 3577 2168 1343 3146 1001 2718 1617
02/07/2015	4194 2023 2353 1173 3924 1326 3416 2502 1213 1663 2950 2013 3872 4559 1429 3508 1922
02/08/2014	4261 4470 3189 3063 2207 2526 3947 1369 2810 2289 3323 3919 2751 4115 4941 4986 4228 3518 3856
02/08/2015	4299 3297 4270 2602 2503 2854 3413 1477 3809 1750 4994 3752 4776 4699 4459 3800 4109
02/09/2014	1693 1583 3210 1186 3583 1283 3493 3075 2041 1866 2536 2997 2765 2534 2314 1940 1641 1002 3487 4963 3688 2718 3689
02/09/2015	4993 4146 1044 1220 2474 2088 3174 3051 1634 1920 3469 2237 1312 3919 1430 1353 3909 4148 4799 1889
02/10/2014	4893 2045 3099 2504 1998 1634 2139 3926 1533 3894 4975 4788 4601 1969 1628 4868 4736
02/10/2015	5000 3061 2170 2192 2404 1874 3939 2069 1991 4822 1617 3954 4064 4165 3694 4387 1844 2997 1786 2136 1003 3004 4697 3786 4479 4734 3669
02/11/2014	4045 4520 1330 3343 1081 4628 1410 2685 3697 4852 4797 4149 4348 2849 4789 2738 2428
02/11/2015	4498 4267 3200 1472 1174 3140 1281 2811 2128 4707 1863 1168 1486 3322 4752 2928 4239 1969 2859 1627 1845
02/12/2014	4370 4440 4341 3761 3142 2196 3383 3649 2547 4719 2423 1851 1574 3861 4314 4722 4603 4746 1427
02/12/2015	4593 1042 2523 2589 3216 1478 2840 1311 1574 4720 4600 2706 4724 2604 3691 2143 2061 2380 3549 2513 1622 2399 3687 4119 3824 4814
03/01/2014	4382 4440 4520 3761 2991 1253 2065 3197 3294 1171 2480 4280 1899 2910 2459 3227 2963 3313 4335 3698 3831 4249 1529 2538
03/01/2015	4893 4992 2077 2297 3538 2107 1238 1436 1930 2028 2962 1696 2641 2860 1517 4726 4924 4661 4100 4761 4344 1293 3172 4716 1623 4916 3289 1408
03/02/2014	4690 4132 4297 4751 2254 3442 2094 4826 1118 2906 4504 4582 4683 4045 1033 3254 2139 3807 2334 1661 4796 3787 4359 4656 1605 1549
03/02/2015	4294 4362 4550 2440 2340 3296 3185 2172 1390 4936 3614 1776 2632 1598 2653 1696 1245 1277 2761 4843 3656 1924 2736
03/03/2014	4294 4262 4164 1352 2790 3626 4717 1225 2863 1246 1640 1254 1111 3686 4325 4226 4963 3842 4933 4416 2947 4857 3856
03/03/2015	4040 4571 2001 1690 3307 3737 1756 1822 3117 2654 1213 2521 3647 3319
03/04/2014	4130 3661 3185 1657 1931 2525 2921 1852 1574 2803 4968 1416 2868 1297 1031 1822 2337 2732 1147 3589 3203 2971 3784 4752 4236 4956
03/04/2015	4464 3035 2022 3405 3958 2129 1216 2138 4819 1443 3400 3685 4489 1619 4700 1416
03/05/2014	1010 3428 2900 2479 2258 1124 3808 1475 1057 3059 3883 1609 4896 4667 1209 2716
03/05/2015	4088 3682 2540 3540 1152 3361 1293 3748 3969 1612 1524 3915 2787 3621 1431 3113 1067 3862 4753 3961 3974 3911 3529
03/06/2014	4690 4771 2881 1493 1282 3295 1050 1116 3305 2556 3917 3323 3775 3643 2816 4415 4515
03/06/2015	4495 4047 4179 3585 3100 3353 2175 2582 1283 1381 2690 1291 1081 2625 1499 1168 1949 4106 4229 3856 1978 3758
03/07/2014	4143 3760 1990 2166 3464 4050 1721 3326 1444 3279 3498 1937 3942 2936 3967
03/07/2015	1395 2043 2205 2622 1489 1334 1464 1265 4137 4347 4512 3831 2707 1706 3822
03/08/2014	4075 4265 2452 3384 2195 4070 1327 4718 1710 1026 2577 2632 2400 1068 1640 3003 3821 4679 4504 1946 3725
03/08/2015	4286 3783 1286 3310 2141 3450 2404 3449 1237 1500 2542 1892 2200 2420 4302 4611 4238 3931 1748 1538 3308
03/09/2014	4780 5000 4050 4281 1547 1569 1568 2547 2479 4709 3247 4643 1515
03/09/2015	3772 2672 2086 2691 1953 3749 1732 2238 2226 3534 3148 3368 3489 4632 3940 4733 3855 4539
03/10/2014	2252 1690 2492 1191 4839 1025 3302 2443 3863 3789 3508 4319 3429 1911
03/10/2015	1374 3079 3584 1336 3544 1211 2981 4566 1508 4833 1903 1606 3635 2407 1659 2406
03/11/2014	4074 4573 2584 3321 1163 3088 3593 1094 2338 1854 4906 1885 3818 1586 1563 2960 2751 2387 4412 4800 3964 2958 1736 2923
03/11/2015	4024 3398 1252 3495 2284 3050 1622 1765 1994 1850 2103 1584 2200 4620 1718 3656
03/12/2014	4398 2701 1237 3612 3817 2863 3116 3259 3544 1850 1432 3058 1991 4510 4468 4985 1419 4427 1748 2406
03/12/2015	2166 3182 2875 1114 2225 4919 2795 2861 1100 4643 4899 1804 1638 2307
04/01/2014	2092 4157 1165 3284 3382 2641 2809 3830 4204 4745 2925 1616 2428 4726 2760 3133 3077 2185 2535 1545 2138 3007 1500 2477 1883 3765 4799 4758
04/01/2015	3200 1483 3221 2690 3738 3717 2642 1155 4269 3852 1835 4144 4180 2381 2657 1567 3949 3601 1664 3523 1144 3344 3686 3886 1309 4735 2914 3922 3429
04/02/2014	4474 1561 1777 2204 3414 2049 3556 2125 1376 3476 2709 3896 4129 2748 4747 1999 2868 2045 2584 3011 1546 3129 3249 2058 3641 4312 3786 1706
04/02/2015	4462 4243 4760 3881 2186 1041 3759 2732 1038 1356 1674 3478 1708 3841 3856 4935
04/03/2014	4275 4211 4156 1660 3046 2350 1338 4948 1732 4807 3917 2222 3972 1618 1915 3952 4923 4946 2604 3857 4165 4541 4322 3450 2580 2337 2776 2930 1342 3862 4215 4898 4657 3943
04/03/2015	4040 4581 4397 4475 3573 3276 4281 3405 3558 1346 1795 1388 1333 2245 1332 4558 4736 2516 4869
04/04/2014	4283 4570 4047 2683 3042 3715 1424 3536 3905 3203 3499 2299 2772 3069 3872 4169 4830 4402 4206 1507 4868 3812 1724
04/04/2015	4012 4300 1242 2085 2261 3086 4190 2678 1336 1611 2413 2523 3544 1893 3432 3443 4785 4731 3942 4228
04/05/2014	4197 4199 2067 2045 2033 2362 1162 2380 2181 3416 1887 1127 1028 3523 1575 1399 1761 3696 3863 1726 3746
04/05/2015	4130 4571 4780 3264 3294 2061 1962 1872 4114 4510 4742 4302 4558 3605
04/06/2014	4680 2122 3593 2064 4292 3737 1654 1961 1895 2343 1331 3896 2806 1717 1803 4823 4406 4329 1922
04/06/2015	1154 1230 2095 2040 1613 1558 3715 2933 2547 2666 1752 1058 2454 4831 4536 1109
04/07/2014	4076 3892 3903 2524 1478 3248 2654 3467 1553 2455 1233 3972 2904 4206 2519 3408 3757 3768 3966 4637 2747
04/07/2015	4593 4189 3881 4498 4212 2122 3474 3473 2082 3050 2777 1820 2676 2068 3884 3830 3619 1419 4625 2419 1539 4308
04/08/2014	4077 4442 4487 4575 2331 2340 3044 3561 1141 3582 2041 3948 3535 3600 1345 2433 3444 1673 1144 4687 4710 1618 3209
04/08/2015	4330 4495 4596 4102 4652 2193 2625 2702 1514 2207 2745 4729 2579 4807 3313 2454 1067 2321 2918 4303 4952
04/09/2014	4380 2207 1006 1346 1466 1487 1772 3212 1509 4855 4999 2616 3308
04/09/2015	3980 2782 2087 3054 1380 1237 2359 3236 3621 1112 3069 3124 3399 4148 4677 4546 4789 4537
04/10/2014	4025 1010 3087 2040 1070 1844 3948 3435 3258 1045 1474 1782 4215 1839
04/10/2015	3082 4252 4187 2781 3154 2074 2492 3294 2291 1888 4937 4717 2877 1357 1324 1038 2101 2233 2809 2719 4636
04/11/2014	4464 4750 3783 4146 2045 2274 2020 2151 3913 2589 2666 3469 3325 2279 2851 2948
04/11/2015	2900 4727 2688 1595 4127 4348 4326 3898 3092 4020 4440 4145 1275 2261 2580 2613 1204 1567 1665 2731 3402 2256 1949 3509 1627 2738
04/12/2014	2298 3320 2396 3360 2193 1712 4727 4705 3935 2685 4048 1818 4987 1979 4901 3992 1890 2186 3593 3075 1468 1643 3105 1686 3666 4879 3308
04/12/2015	4530 3441 3581 3250 4914 2436 3959 3819 4831 3666 1859 4745 2957
05/01/2014	4574 1473 2470 2051 2040 4628 1897 1544 4609 1004 1147 2565 2674 4456 4721 4567 3864 4943 4879 4747
05/01/2015	4460 4585 4212 2661 3551 1140 2690 3283 4082 4903 3424 2255 4301 4225 4820 4116 4447 1827 4855 1648 3934
05/02/2014	4211 4376 3321 1165 2028 4807 1972 1136 2147 3411 4468 2608 1959 1492 3030 3727 3426 1445 2313 1169 1246 1586 3344 4015 1805 3629
05/02/2015	4594 2353 3122 2055 2571 1536 3311 4202 4841 4326 4524 4789 4868 2681 3130 4280 1800 2315 2117 2754 1467 3168 3289 3586 1001 1929 4314 1827
05/03/2014	4463 4750 4025 4575 2089 1197 3166 1097 2075 4061 2093 3050 2701 1454 2795 2871 3575 4896 2706 3689 4316 1616 2956
05/03/2015	4161 4069 3012 3194 4170 1081 1404 4717 1974 3334 2201 2178 1609 2518 1715
05/04/2014	4187 4221 2287 2166 1692 3385 1372 1282 2161 2888 1258 3523 3918 3268 1354 3972 4786 4668 4900 1548
05/04/2015	3180 4195 1273 1050 4805 3327 3937 1015 2489 3499 4378 3664 4412 4931 4954 4008 1901 1636
05/05/2014	4493 4220 1550 3142 1480 2768 1369 2733 2644 1686 1652 2037 2851 4037 1705 4867 1702
05/05/2015	4065 4176 4441 4134 3860 2352 2494 3066 3196 1171 3182 3737 1668 2743 3588 2476 2993 2808 2707 1339
05/06/2014	4272 4065 3670 4265 4377 3364 2075 3142 3913 4409 2744 2215 2325 3557 2421 3158 3851 4654 3942 1309 2825
05/06/2015	4054 4344 2232 3023 2370 3050 3160 1107 2599 2795 1651 4499 4204 1948 3743
05/07/2014	3165 1460 1381 2381 4082 2094 2306 4806 1446 2699 3324 3213 2453 2541 1111 4697 4115 3932 3855 4779
05/07/2015	1275 1098 3034 2077 3480 2537 2723 2546 3623 2587 2475 4059 4953 4667 1827 3810 3766 4748
05/08/2014	3181 4691 2573 2771 3188 1382 1062 4828 4929 4908 2903 3658 3835 1218 4085 3670 3112 1074 3095 2713 1227 1248 3424 1388 2058 2156 3003 4635 4758
05/08/2015	4351 2909 2231 2293 3214 2884 2047 3575 4048 4225 1938 4688 4501 4403 3976 2703 4362 4321 4387 3574 1692 3198 1346 3204 2597 4975 2659
05/09/2014	4256 3387 2694 2867 1711 2004 2620 1553 2883 2388 1979 2506 3539 4683 3673 1176 1690 3373 2041 1888 2778 1248 1104 3907 1289 3102 4756
05/09/2015	4187 3035 3463 3044 3293 4061 1787 2787 1894 2696 1452 4037 4710 4119 1737 2978
05/10/2014	4272 4056 4431 4783 3386 3353 2396 4958 2811 1128 3479 4951 4579 3820 3655 4634 4899 2835
05/10/2015	4661 3343 3387 1373 2294 4191 4859 4529 1349 1996 2337 3469 1841 2102 3553 4004 3851 3920 4515 2319 3429
05/11/2014	3191 4695 4641 4135 1263 3142 3010 3427 3905 3106 2401 1499 3809 1134 4543 3667 4536 4747 1526
05/11/2015	4194 4173 2650 2492 4170 3715 1236 2981 1551 4525 3811 3835 1438 4065 4264 2364 1371 2184 3591 2282 3904 3346 3245 1562 3786 2814 2934
05/12/2014	4144 4531 4212 3013 1197 3282 1657 3624 2920 1457 2743 3709 1234 2047 1783 3520 3333 4149 3646 3856 2517
05/12/2015	4182 1503 1932 3837 2600 1125 2444 3577 2015 2564 3421 3950 4027 4875 4108 4559 1803
06/01/2014	4221 4694 4872 2881 3111 1590 2093 1863 2259 2379 2949 3963 1879
06/01/2015	4273 4783 2781 2380 2735 3548 2789 2777 4719 3553 1661 4895 3966 2659
06/02/2014	4371 4891 4772 2199 2093 1932 1811 3438 2742 2862 2068 2365 3895 2807 4645 2605 1011 2063 1767 2612 3129 3468 2157 4995 1905 1923
06/02/2015	2086 1281 2976 3526 2404 2426 2997 1028 3579 1972 2587 3423 3543 1474 3648 1911
06/03/2014	4473 2155 4090 2009 1756 2349 1512 1212 3553 4125 4107 4109 1955 4262 4383 1170 4839 2315 1566 3205 3600 1685 1520 2112 1166 4217 1925
06/03/2015	2646 4839 1464 1299 4178 2563 2022 2519 4989 4171
06/04/2014	4693 3881 3783 2671 2395 4391 3329 1755 2546 2414 2612 1379 2754 1136 3511 2751 4257 2609 4502 4888
06/04/2015	3760 4245 1275 1481 4180 1940 3719 2389 2477 3104 2058 4689 1914
06/05/2014	3144 2394 2272 3570 1073 1822 3306 1447 3427 2656 2501 1753 1169 2357 1970 1145 2981 4875
06/05/2015	4064 4122 4596 2331 1561 2242 3484 3032 3175 2194 2955 2426 2954 3613 1566 3347 1881 4840 2978
06/06/2014	4370 1282 4091 2194 2922 2789 2843 4509 1037 3479 2389 1870 2123 4962 4624 4407 4163 4583 4484 4121 3693 1865 1985 2653 2453 2112 1507 2957 3309 2439 1328
06/06/2015	4272 4033 2551 1781 3162 3638 1997 1711 4708 3796 4700 2904 4426 4746 2902 4286 2440 3296 3491 2955 1888 2434 1444 3324 3048 2311 2938 3767
06/07/2014	3280 1022 1063 2272 3141 2965 1754 1853 1654 2589 1830 3359 3479 2962 1674 1276 4984 3832 1615 1779 3714 3090 4364 3295 2183 2955 4859 1304 2014
06/07/2015	4462 4497 3134 2560 3044 2227 3926 1334 1785 3511 1277 2465 2068 4614
06/08/2014	4693 4463 4573 4772 1187 2441 3451 1141 2252 4192 3847 4738 1535 1247 1774 1179 1883 1057 2212 4862 2639 3855 3802
06/08/2015	4395 1120 2374 2440 2550 1073 3062 3072 1327 1734 2316 2448 1874 1962 2852 3357 3587 3972 4500 1629 2718 2936 4526 4747
06/09/2014	3790 3681 4661 3176 2251 3581 3083 4607 1810 2712 1996 3905 2544 2345 1233 1750 3676 4812 2716 1878
06/09/2015	4780 2782 3572 2184 2270 2467 3028 4841 4214 1707 1805 3997 4825
06/10/2014	4232 4234 1275 3122 1582 1472 3549 2536 2019 3415 2898 1259 4707 2489 1004 3224 3026 2267 2069 1870 4339 3844 2814 2736
06/10/2015	4442 3683 1908 3475 1175 3232 2494 3592 3337 3434 4796 4335 3973 4954
06/11/2014	4271 4283 4494 4176 4595 4001 2550 1470 1921 3626 4728 3218 3438 2612 3915 1379 1059 1970 2464 3632 4448 1913 3616
06/11/2015	1190 1395 1120 3262 3491 2119 1789 3548 2635 2620 1146 3599 2365 1551 4875 4358 4924
06/12/2014	4480 4431 1908 1066 1692 2296 3185 1765 2303 1786 3116 4028 4622 4941 1828 4624 1528 3900 1538 1427
06/12/2015	4396 4353 4056 1076 3120 1183 3161 4160 2093 4718 3728 1995 3225 1662 3015 2882 4104 4138 2707 2718 3765 2902 1801
07/01/2014	4251 4594 4870 3189 1770 3232 4082 4270 1456 1004 3498 2035 3762 4721 4306 1317
07/01/2015	4560 4693 4363 4333 2473 2186 2270 2304 1049 1379 2655 2632 1587 1762 1068 1232 3311 4765 1827 3842
07/02/2014	4251 4131 1286 4408 4628 3119 1733 1534 1379 1995 2104 3213 3795 4820 3776 4822 4626 4243 3393 3094 3849 3425 1565 1609 4479 4933 1922
07/02/2015	4154 3793 2891 2263 3352 3283 3935 1239 2218 1931 3559 1013 2069 2740 3169 1939 4006 4644 1409
07/03/2014	4483 3991 4278 2067 1572 3112 3584 3141 2139 3238 2289 4048 4359 3743 2803 1219
07/03/2015	2290 3180 4560 4780 4890 3891 2056 2441 4080 3294 1092 3515 1535 1885 2267 1793 3410 2807 1958 2518 4836
07/04/2014	1798 1189 1188 2000 4886 3484 2294 3712 3041 4061
07/04/2015	4030 3651 2495 2483 3494 2592 3052 1327 2523 3236 2695 3564 1818 4797 3675 4743 3853 3721 4822 1715 2517 2913
07/05/2014	4894 1891 1682 2133 2122 1294 2031 1448 1633 1006 3959 2931 2359 3476 4656 4623 4756 3722 3629 2804 1659 4956 4307 3724
07/05/2015	3060 4293 4275 2100 3251 1370 1292 1128 1742 1412 2467 4765 4864 4524 2747 1515 1218
07/06/2014	3781 4541 4564 1297 1792 1681 2285 2120 2197 3073 3737 1932 2119 3727 2437 1787 1961 1410 4049 2839 3767 3627
07/06/2015	4641 1472 1482 1361 1052 4050 3504 2327 3601 1983 2532 1806 4721 1848 1605 2715
07/07/2014	3082 4373 4232 4310 4871 2571 1041 1138 1930 3139 3718 1478 2863 2984 2742 2829 4688 4743 3678 3811 4123 4486 2043 2120 4837 1547 2559 2832 3206 2753 2697 1609 4338
07/07/2015	4065 4694 2055 2240 3120 3571 3096 4848 4859 3416 1656 1699 1379 2432 1783 3597 3861 3775 1905 3866 3900
07/08/2014	4044 4002 4762 3123 2440 4093 1887 1214 1740 2993 2860 1287 3674 3643 4722 4856 4746 1835 3757
07/08/2015	1582 3262 3260 2449 1777 2029 1754 1993 2906 4028 4623 3711 4207 4726 4564 1450 2362 3195 1426 2511 2357 3468 4038 4932 3509
07/09/2014	4683 2045 3232 3265 2360 1260 3062 4618 1788 1457 3008 3349 3525 2457 3115 3269 4444 4675 1708 1509 4347 4535 2629 1636
07/09/2015	4196 3695 2210 1053 3572 3490 2128 1148 1882 2487 4555 1959 1837
07/10/2014	4392 4022 4440 2781 1274 3176 3282 4160 3526 1004 3005 2576 3400 3157 3300 3531 4214 4845 3657 4769 2901
07/10/2015	4660 4487 4740 1330 1286 2195 3041 1777 1534 1324 2633 1114 3829 1135 2586 3908 1584 1929 3830 4589 3637 2648
07/11/2014	4591 4684 2131 3086 3042 1006 1740 3423 1321 2552 4159 4523 3698 3896 2739 4406 3812 3846
07/11/2015	4362 2133 2990 3085 4170 4958 1777 1028 1851 3542 3609 4976 3756
07/12/2014	4353 4650 2550 1262 2789 2600 1752 3059 4202 4268 3633 4922 3933 3133 1270 1722 3349 1468 3502 2511 1103 1741 2994 1146 1245 2971 2454 3785 4117
07/12/2015	4460 2672 2760 1780 1361 2340 3285 1833 3537 2448 3718 2785 3005 1485 3036 3399 3930 4734
08/01/2014	4130 4375 3694 4376 3882 1291 3172 2933 2834 3524 2399 3322 3841 3722 1759 4933 3628 1417 3911
08/01/2015	4274 4671 4982 1990 3176 1391 3062 3549 3869 1678 2158 2652 1782 4049 4688 4699 4787 1729 3764 1517 3518 3768 4913
08/02/2014	4076 4297 2451 2098 1932 1613 1239 3413 2663 2907 2408 2704 2726 2869 3617 2649 3473 2241 2581 4180 1888 1602 3704 2256 4699 3721 2937 1703 2857 4957
08/02/2015	3291 2091 4572 4453 4234 2760 3156 2275 3583 2171 2504 1865 3829 3401 1256 1992 4478 4655 1618 2728 2903 4945 1714
08/03/2014	4130 4277 4179 4036 3343 3140 4082 2746 3327 2524 1115 2545 3587 1133 2662 2772 4654 3851 4117 1208 3879 1889
08/03/2015	3671 4156 4035 3186 2151 3481 1613 2999 1513 3859 2997 2864 2357 1862 2563 1133 4302 3675 2939 4688 4413 4702 4648
08/04/2014	3082 3670 4297 4220 4133 4013 4069 2012 1176 1491 1171 2832 3237 2015 2872 2299 2695 4972 2519 4426 4316 3846
08/04/2015	4293 4593 4077 4199 4750 2271 3219 1557 2327 1432 1894 2785 1574 4567 4249 4801 1934 3790 4540 2220 1602 1965 1049 1863 4813
08/05/2014	4581 4385 4101 4146 1055 1461 1791 4191 3505 3838 2421 2772 1892 4369 1838 3733 4327 1606 2815 3976 4669 3900
08/05/2015	1374 3222 2133 1098 3484 2855 3459 1367 1884 2346 1113 3587 2300 4576
08/06/2014	4201 3484 3363 2054 1095 3936 1337 1796 3224 2872 3223 2530 2497 4523 4348 1735
08/06/2015	4494 4340 4287 3682 3761 3595 2176 1582 1162 1954 1524 3739 1149 2775 3741 1608 4942 4019 1934 4967
08/07/2014	4066 3761 3013 3386 1173 2481 2271 4291 2823 2449 3604 2645 3237 3928 1058 3015 1287 4741 4851 4114 1979 2956 3956
08/07/2015	4592 4210 4595 2493 1580 3183 4706 1799 1774 2202 2840 3872 1915 1659 4482 3793 3229 3203 1421 1542 1222 2156 4114 4437 1845
08/08/2014	3276 2132 2252 3292 2358 4709 2797 2654 2522 2014 1232 1719 4799 4227 1824 1636
08/08/2015	4042 3691 4970 2760 2176 1593 1191 1613 2415 3207 4828 3818 2862 3709 1200 4499 4643 4456 4776 2903 3646 1746
08/09/2014	2650 1601 4838 3915 3827 1258 2743 2687 1289 3247 1123 4169 3720 4318 3507 2626 1658 1559 2901
08/09/2015	4277 1384 3241 3120 1327 1633 2534 1983 1047 1761 3289 4503 2979
08/10/2014	4692 2198 3480 3084 4804 3317 3537 2788 1654 1774 2741 3918 2784 1738 3518 2803 4802 3636 4069 2089 1153 2955 3569 1289 2035 1309 3867 1944
08/10/2015	4032 4220 4531 3097 3050 2128 2743 2721 2278 1024 1155 4895 4643 2918 3797 1857
08/11/2014	4010 1461 3100 1338 4827 2349 1116 2468 1851 2247 3851 4349 1716 3998 4989 4481 3673 3496 3150 1641 3346 1364 4358 3765 2718 1727 1627 3668 4638 2835
08/11/2015	2683 2452 2680 2173 2270 2108 2129 2964 3206 2952 3568 2379 1551 4136 4117 3812 4506 2527
08/12/2014	4773 3430 1020 2471 2072 4380 3604 3869 2999 1205 3217 1456 4512 4578 3609 4557 2916 4459 4789 2617
08/12/2015	4373 3673 1286 2067 2990 2484 3132 1051 1280 3084 4160 2558 2799 1861 2422 4787 3507
09/01/2014	4277 4432 1284 3142 2591 3382 3219 3957 1832 2666 2765 4104 4523 2927 2528 4342 4201 1374 3475 2515 4938 1587 2675 3863 1827 4559 3407 3846
09/01/2015	3535 3489 3078 2186 3677 1182 4725
09/02/2014	4353 3101 3417 2445 2049 1312 3257 2443 4664 2907 2808 4588 1817 4821 4305 3092 4266 1723 1446 2974 2556 1225 2478 3984 3509 3529 1625
09/02/2015	4255 3552 1054 3570 3591 3615 1723 4519 2799 1138 2512 3259 3039 2696 2421 3973 3309
09/03/2014	4155 4740 1550 1064 1350 1361 3495 1040 2590 3726 3815 3600 3247 3544 2674 2960 3158 4863 4952 2716 1517 4416 2649 1229
09/03/2015	2375 2494 2372 2152 2193 2171 2788 3719 3850 4466 1839 4546 4724 1658 4002 2780 2062 3927 3447 3708 2873 4873 4510 4457 1967
09/04/2014	4277 4432 2870 4290 1114 1014 1751 2025 4104 4667 2826 3657 1737 4087 4561 3453 1176 2681 3099 2185 1171 1390 3527 1300 3004 2652 4952 3822 4715
09/04/2015	2092 3098 2030 2580 1160 3184 3084 1932 4718 2765 1344 1430 2101 4138 3798 3843 4504 3635 1768 3758 2406
09/05/2014	4289 4641 3068 4160 3737 2129 3969 1314 3524 3205 1784 1553 1223 3577 3335 1530 4598 4653 2619 3668 2549 2824 4649
09/05/2015	4361 4891 4364 1693 2272 1061 2888 1049 2951 1862 1870 1737 3734 4825
09/06/2014	2909 4773 3266 3342 2076 2030 2625 2449 3515 2106 2226 2323 1696 1278 3753 1738 3978 4384 4387 3299 1150 4280 2218 4937 3909 2618 3843
09/06/2015	4167 4794 4267 1440 2165 3581 4728 2899 1357 2314 2402 1279 2289 4338 4944 3789 4934
09/07/2014	3082 4790 3200 2152 2371 1810 1312 3653 3797 4547 1979 1218 1878 3793 4181 4838 3749 2633 3589 2059 1101 1244 2014 3487 4357 4413 4712 1747 1801 3528
09/07/2015	4041 4473 2210 2691 4180 1932 3705 2113 3047 4895 4689 1518 1924 3867 1603
09/08/2014	4164 4112 4696 2592 4093 3329 2702 3524 1654 1852 3775 4226 4501 4578 4612 3986 3409 1625
09/08/2015	4386 4761 4289 1220 3497 2364 1361 3483 1094 3759 2019 2426 2348 1303 2810 2446 2369 1356 2753 3709 1035 4741 1836 1988
09/09/2014	4195 4021 3651 3310 1682 3221 1680 1370 2194 4969 3516 3546 3502 1950 3358 3511 4941 4788 1749 4206
09/09/2015	4695 4124 1110 2001 4859 2855 2876 1731 2501 2874 1079 1870 1819 4455 3983 2408 1979 1989 1724
09/10/2014	1190 4155 4355 1682 3232 2042 2262 2041 3184 1129 1789 3316 3578 1596 4898 3689 3998 1407 2308 1736 2989 4649
09/10/2015	2290 4074 4331 3254 3593 3251 2063 2799 2524 1279 2675 3456 2663 1818 1719 4567 4336 3896 2815 2716 1857
09/11/2014	4372 4880 3760 4652 1374 2660 3562 1580 2193 3109 4749 2943 3827 3017 1521 3137 1179 2651 3773 4622 1739 1517 3407
09/11/2015	4262 4681 4275 4189 4784 3594 2051 2636 2712 1358 3915 2983 2741 4697 3886 4789 1846
09/12/2014	4098 4201 3761 3486 2341 1890 1392 2426 1897 2215 3378 2541 1353 1980 4137 3631 3863 4811 4418 3308
09/12/2015	4286 4321 4530 1077 2370 4192 3328 1269 3315 2797 1146 2794 3653
10/01/2014	4300 4234 2243 2232 3462 4060 1910 4749 3119 1018 2138 1664 3709 1442 2453 1694 4797 3687 4501 1738 4900 3617 1548
10/01/2015	4195 1493 2097 2592 1107 2108 2845 2622 4819 3445 3433 3950 4379 2816 3778 2813 3857
10/02/2014	3090 4241 4794 2177 2144 2243 2298 1791 2240 1404 3937 1468 1983 4952 4416 1879 1219 2912
10/02/2015	2800 4708 1013 1761 4740 3981 1473 4688 4567 3644 3042 2260
10/03/2014	4097 3090 4297 4056 4430 4696 1426 3957 1546 2964 1753 1225 3719 1771 4367 4214 4801 4648 1307
10/03/2015	4251 4574 4695 4223 2361 3450 1008 2625 4827 2941 1014 1894 1012 1265 3697 4875 2706 3876 4944 1968 4218 2209 1449 1559
10/04/2014	2781 2692 1260 4925 3217 2589 1247 3556 2511 1235 1157 3246 3158 2750 3697 4522 4962 4613 2836
10/04/2015	2397 2250 3481 3916 1696 1410 4224 4988 4109 1090 4089 2386 1054 2461 2262 1490 3470 3728 4719 1422 3567 4632 4853 4418 3945
10/05/2014	4054 4178 3683 3871 2231 1645 3125 1343 4378 3632 4314 1607 4007 3509 4316 4107 3976 4659 4649
10/05/2015	4375 4410 2650 2383 3042 3613 3959 1016 1994 3589 1595 3883 3764 1009
10/06/2014	4284 4165 3860 3034 3341 1261 2262 2140 1798 3905 3579 1664 2676 1014 2168 4224 4986 1849 2937
10/06/2015	4891 2298 1362 2160 3094 3307 4727 3803 3903 1048 3048 2432 3300 2893 4444 2508 1825
10/07/2014	3181 4650 4541 1077 3266 3397 1780 1294 2229 3602 1269 2017 1840 3028 1079 2366 1320 4389 4302 4138 3618 1967
10/07/2015	4223 1484 2340 2120 2040 4508 3547 2336 2467 2049 3269 2685 1145 3919 1672 1331 4214 4525 2946 3768 1922
10/08/2014	4183 4471 4131 4882 2188 2781 2330 1250 2193 2966 1612 2756 3937 1797 2159 1741 2664 2014 3157 2552 3616
10/08/2015	4172 4289 3640 2164 2252 3153 3339 3716 1116 1245 4686 4589 4648 1625
10/09/2014	3893 2694 3161 2437 3849 2645 2204 2027 2873 3279 4455 3972 4401 1917 4248 4402 4920 3931 4338 2914 4548 1835
10/09/2015	4584 2692 2691 2196 2380 1170 1092 2306 2019 1931 1788 2568 1468 1424 2975 1443 1839 4437 2835
10/10/2014	4740 1473 2067 2372 1050 2082 2801 4959 2237 1599 2235 1333 3521 3256 4028 2706 4404 4735 2638 3967 1966
10/10/2015	4573 4783 4267 3484 2340 3449 2623 2742 2466 2752 2950 1497 3015 2200 1782 4357 4138 4336 4953 1639 3779 2505
10/11/2014	4472 4531 3264 3462 3040 2523 2545 3938 2665 1532 1950 2366 1530 3113 3891 4542 4564 2166 2084 4060 1249 1522 1400 2178 4753 2914 2715 4638
10/11/2015	2190 4670 2034 3066 2790 2009 2920 4828 1775 1676 1375 4323 4965 3671 2780 2185 3505 3848 3543 3322 2918 4413 4017 4338 2816
10/12/2014	4183 4580 4065 4782 3695 2441 2298 1097 1050 2349 3546 1597 1993 1982 1596 4862 1829 3884 4556 4336 4116 3830 1607 3633
10/12/2015	4691 3682 4410 1264 3442 1395 3471 1051 2843 1378 2883 4334 4335 4368 1705 3608 3997 3789 4537 4845 4879
11/01/2014	4066 1130 2391 1148 1169 1235 2499 1167 1981 4510 1209 1868 1307 2428 1889
11/01/2015	4095 4121 3794 1682 3452 1097 2492 2348 2875 1773 3247 2169 1343 2311 3465 4656 1824
11/02/2014	1080 3180 4771 3970 2175 2789 3216 1126 3817 1487 2893 2343 3696 4961 2907 3731 2939 1817 1948 4613 2923
11/02/2015	4073 4151 4494 1330 2693 2514 1623 2832 2314 3621 1772 1365 4975 4811 1726
11/03/2014	4255 4640 2121 3074 4617 3527 1842 1501 2986 2138 3268 4697 4712 3744 1407 3756 1967 2979 4638 2417
11/03/2015	4084 4197 4463 3760 4102 2880 3593 4191 4380 4519 2723 3827 4829 1796 1136 1301 1323 3872
11/04/2014	4132 4553 3596 2878 3603 1655 1995 1489 2079 2928 4556 3897 3952 4348 4437 2915
11/04/2015	4793 3167 2691 2690 3958 2865 2289 3014 2946 4946 3857 3090 4025 4564 4685 1195 2262 3196 3589 2918 4577 1509 4017 4513 1604
11/05/2014	1065 2330 2986 1534 1235 1476 3554 4104 4665 1859 4967 4968 3616 4163 1472 1053 3396 3594 1492 3251 1070 3968 1700 3206 2810 1566 4598 4974 3942 3629 2837 1945 2319 3747 3308
11/05/2015	2416 3504 4230 1883 4672 3255 3574 4302 4864 3408 3061
11/06/2014	4196 4562 1275 2218 3569 2325 3139 4213 4126 3840 3921 2836 4913
11/06/2015	2092 4130 4144 4166 4134 4486 1296 2010 1612 2513 2775 2114 3929 3268 3894 4038 4358 4326 3744 4877 1515
11/07/2014	4453 3683 3783 4971 2055 1062 4606 1734 1118 3437 3118 2048 1256 2244 4445 4723 1616 4704 3857 3539 2160 3649 2713 2855 4916 2578 2897 1144 2772 3909 1922
11/07/2015	4196 1021 3220 3393 2083 1315 2536 2117 1533 4609 3325 2940 2676 1278 2762 1431 3663 4555 2818 4129
11/08/2014	4890 4494 1341 2133 3166 3120 1491 1767 3435 3467 2301 3356 1287 2376 4851 3642 1946 1879 2869 3912 2912
11/08/2015	4398 3486 3035 2055 3352 2063 3161 1866 2855 2534 2643 1289 1410 1661 4588 4753 4512 2926 3766 4702 2648 4319
11/09/2014	3180 1187 2473 3163 3329 3549 3558 1523 4708 3248 3457 2389 2454 1211 2244 1595 4653 4589 4733
11/09/2015	4550 4398 4773 1088 1855 1654 1499 1199 1056 3653 1717 1515 4441 4486 3354 3251 1326 1887 2899 3523 1465 2992 3520 2738 4779 3746
11/10/2014	3082 4198 4012 2154 3485 4191 1998 2547 3775 4645 3799 3898 4129 2408 4443 1495 2440 3174 4080 2932 1028 2511 2730 3324 2278 1929 4015 3941 4756 4715
11/10/2015	2191 4474 3694 1051 2492 3716 1688 2535 1058 2730 2454 3048 2299 2475 4334 3764 1608 3942 4679 2838 3507 3779
11/11/2014	4165 4683 4794 2595 2540 2155 3442 1692 3050 1898 2425 2556 1676 2345 3809 2970 3971 4204 1805 1209 3606
11/11/2015	4180 3380 2548 1921 2646 2555 2368 1950 3534 2598 2422 1663 2267 3014 1819 4158 2818 1606 1604 1823
11/12/2014	4267 2111 3232 3287 3072 2702 3559 3914 2017 1312 2069 1013 4887 4601 3659
11/12/2015	4063 4141 1098 1193 3370 1170 3968 2867 1513 3728 1226 2147 3323 1123 1430 4686 4127 2639
12/01/2014	4020 4453 2242 2560 3031 3493 3837 1964 2668 2239 1743 1369 2766 4753 4426 4614 1813 4814
12/01/2015	3390 4120 4044 4440 2682 3133 2240 1170 2779 2403 2578 2643 1466 3016 1277 1354 4246 4356 4445 4864 4217 1902
12/02/2014	3390 4075 4383 4066 4132 2671 1141 2086 3208 1788 1457 2105 1302 4917 3007 3126 1486 3499 3994 2628 1418 1945 3933
12/02/2015	4584 4430 4486 2496 3260 2834 4837 2217 1601 1886 1004 2861 1332 3355 4202 4643 4666 3634 3756 3855 4725 2956
12/03/2014	4110 3222 2051 2207 1217 3959 2920 1413 1510 3411 4665 1718 4864 4305 3879 4168 1396 2363 3131 3704 3548 2699 3622 3127 4732 1827 4437
12/03/2015	3170 4294 3662 4322 2231 3088 3583 1073 3053 3847 1634 1777 1865 1763 2981 4642 4105 4238 4832 2618 3778 1615 3879
12/04/2014	4432 2133 2880 3275 3154 2274 1327 4837 4739 3459 1134 2102 4510 4645 1815 4846
12/04/2015	4240 3683 1242 2286 2076 1150 2910 1674 1245 2476 2772 3102 1793 4478 4864 4249 2868
12/05/2014	4471 4694 4244 4542 2661 1052 3381 3947 2887 3915 1741 2662 1089 1265 2288 4109 4835
12/05/2015	3683 2386 1580 2391 3061 4292 1788 1524 1710 2524 1720 3348 2555 3950 4335 4535 3645 3419 4308 1636
12/06/2014	4311 1919 4969 3439 4904 2148 3918 1652 2685 1616 2428 4046 2463 3550 3030 3549 3207 2019 2410 4435 2916 2518 4758 4637 1801
12/06/2015	4277 1440 3188 3066 4280 3737 3836 1843 2238 2500 2520 4224 4226 4645 3732 2629 1923
12/07/2014	1623 1435 4152 4330 4166 3389 4376 1870 2111 1361 4190 2758
12/07/2015	3404 2677 1653 2653 1264 2045 4303 4820 2184 4516 2406 2824
12/08/2014	2320 1450 3020 2812 1931 4915 1542 1465 4444 1818 4544 4239 1419 1715 4427 4637 3912 1537
12/08/2015	4592 3178 1153 3076 3262 4291 1723 1679 4903 3339 2338 2327 2006 1420 3245 2167 4589 4842 3744 1946 1616 2969 2659
12/09/2014	1118 1899 1689 1125 2434 2686 2862 3466 4412 3897 4007 3843 1749 3745 1207
12/09/2015	4242 1011 2375 3265 4291 1601 1677 3927 1278 3323 1991 4746 4604 4835
12/10/2014	4673 1142 1086 1361 1680 3120 2591 3183 1019 1557 1378 3116 1399 3379 4741 3876 3793 1053 1092 3208 3749 3707 1741 2632 3103 3721 4756 4955 3823 2318 4715
12/10/2015	4628 4938 4474 3048 2673 1199 4575 2166 4524 4117 3634 2869
12/11/2014	1264 3023 1087 3186 2009 3559 1315 2587 1377 3950 4467 4325 2927 4206 4448 4646 4449 3354 1110 3254 1094 3491 2280 3306 1322 4259
12/11/2015	4120 4320 4068 3571 4060 2602 2348 3205 1884 2574 4400 2918 4258 1518 2925 3409 3724 3517
12/12/2014	4441 3002 3563 2131 1151 2470 1921 2515 2579 3107 1753 2138 2886 2412 2555 2643 1211 2882 1001 2928 4821 2857
12/12/2015	4265 1187 3737 1149 1742 1565 3225 2432 2893 2145 3699 3609 4238 3864 3645 2517
13/01/2014	4681 4065 4067 4002 4860 4355 1483 2383 1051 3482 1821 2148 1961 1443 2927 3789 1956 1779 3539 4836
13/01/2015	4088 4320 3770 2210 3221 3264 1460 2381 2479 2335 3247 1454 3499 3378 4687 1815 3758 4418
13/02/2014	4145 4872 1494 2890 2746 2854 1621 2116 1896 1895 1279 1597 2421 2377 2222 3982 3785 3664 4633 1648 3507
13/02/2015	4073 4461 4672 3574 3946 1866 3611 2763 3257 2597 2585 4888 4922 1955
13/03/2014	4663 4113 1295 1690 1931 3548 2311 1453 3598 3378 2277 3421 3278 4412 1938 2806 4678 4404 3976
13/03/2015	3093 4163 4120 4693 3640 4355 1340 4606 4408 1567 1489 2468 2787 2864 2412 2257 2575 3135 4951 4007 4899 3778 4768 3418
13/04/2014	2070 4471 2593 2252 1280 4309 3515 3614 4927 2545 1752 3038 1310 4741 4566 4941 2969 4669 1836 2308 3659 3190 4285 4364 3079 2139 2018 1204 1445 2037 1102 2234 4533 1949
13/04/2015	4177 4892 1165 3353 1252 3074 1833 1349 3405 3339 1226 2665 4809 1321 1265 4389 4357 3885 3629
13/05/2014	4330 3287 1082 3716 2623 2663 1034 1991 4005 3953 4461 2100 2144 2218 3947 1666 2138 3248 1422 4235 4236 3609 1847 1702 2736
13/05/2015	4197 4102 1194 1380 1118 2700 3818 1477 3104 2464 4323 1509 4843 3953 2549
13/06/2014	4470 4096 1041 2295 3020 1954 3615 2204 2941 3499 4687 3633 2847 4261 3010 3351 2878 2855 2877 4817 1246 3501 1023 3421 4972 4059 4258 4897 4512 4679
13/06/2015	3071 4591 4153 4553 4564 3574 2265 3463 1142 3352 2494 3094 3947 1348 1799 3612 3128 2530 4246 3863 2916 4437 1218
13/07/2014	4594 1181 3416 2149 3137 4809 3499 3675 4786 1618 3735 2144 2562 3353 3396 3570 2183 3150 3094 1525 3727 1644 1466 1740 3544 2794 1526
13/07/2015	3280 4592 4597 3321 1032 1866 1734 1722 1379 2743 3268 3036 1417 3746 1603
13/08/2014	4671 4321 1572 1877 1107 3603 1567 3839 3568 3314 3248 2510 3909 3322 1474 4578 4941 4930 3743 4624 4923
13/08/2015	4392 4552 3684 4113 3365 3002 3562 1581 2471 3141 3615 1656 1534 2106 3458 2543 1233 3674 4129 1439 4605 4366 1099 1144 4017
13/09/2014	3891 4245 3177 3583 1170 3604 2944 4806 1886 3839 1720 1587 1542 3543 1145 4502 4469 4108 4878 2219
13/09/2015	4267 4861 3292 3406 2711 1335 3917 1763 2235 3455 1156 1782 1056 4785 4841 4875 4249 4536 3529 2934 4814
13/10/2014	2331 1142 1087 2076 2593 1998 1810 2524 2225 1510 3138 2389 1431 2807 1110 3573 1052 3151 1722 4938 3327 1423 1004 2235 2751 3842 2837 4934
13/10/2015	4695 2100 3122 1780 1020 3095 3748 4805 3206 1599 1588 3312 4236 4722 4528
13/11/2014	4394 2273 3384 3383 3382 3160 1811 2722 1434 4908 2025 1772 2906 4525 4485 3793 3156 4380 3009 1722 1389 4532 4676 1706 4437 1628 1605 3844
13/11/2015	4382 4582 4034 4178 4288 1065 1283 1844 2326 1743 2389 2784 2057 1916 4831 1608 3812 4968 4836
13/12/2014	4156 1361 3220 2470 3063 2306 1831 3019 3514 1312 2961 3059 1211 4983 4645 4988 1297 3053 1349 3107 2457 2973 4972 3962 3667
13/12/2015	3181 1242 3394 1349 3516 2239 2413 3597 3894 1959 3519 3635 3888
14/01/2014	3291 4086 4362 4143 4550 4321 2463 1065 2384 2076 3361 2294 3160 2545 1311 3246 2564 3344 2541 2919 1608 1859 4206 4858
14/01/2015	4031 1088 3354 1120 3230 3120 3471 2370 1291 1943 2525 1535 1435 1127 1148 3248 3214 1420 1551 4657 4427 1702
14/02/2014	2081 4173 4394 4153 4387 2584 2693 2153 3010 3164 2886 2930 3502 3917 2312 1102 1575 1783 3158 1342 1929 3901 2626 1966
14/02/2015	3090 4112 2033 1394 2186 3460 1656 4937 2403 3525 2017 1940 2633 3029 1873 2102 2344 4941 4304 1847 1923 4901 4616
14/03/2014	4212 4113 1043 2097 3065 2492 4191 1646 3549 3847 4849 2349 1477 2961 3862 4800 4669 1726
14/03/2015	3584 3166 1161 1391 4914 3604 1668 1205 1029 2433 1377 3224 2894 2585 2167 1718 4349 2519 3723 1308
14/04/2014	3081 3153 3086 2293 4826 4849 2403 2447 2843 3915 1269 1234 1794 2178 1929 4338 2901 4539
14/04/2015	3280 4352 2760 1240 2193 2977 2336 4708 2344 1001 4633 3755 3811
14/05/2014	3782 2056 2078 3354 2176 2374 3252 3439 2756 4817 2776 3348 1027 1980 2332 3960 1618 4876 4932 4219 1405
14/05/2015	1080 2190 4563 1550 3310 1076 3154 3396 2470 2073 4828 1479 1699 2865 3337 2324 1527 3636 4637 1009
14/06/2014	4036 4498 1040 3064 4193 3836 1998 4508 1995 1059 1235 3850 3895 4984 1838 4868 1934 3758 4362 4487 1107 1105 1962 2534 4257 3763 3666
14/06/2015	4492 4273 4134 3497 1483 1580 4092 3195 1006 4509 1159 1950 3169 2982 3465 4125 3784 3741 4006 4877 4646 2958 2549
14/07/2014	4097 4361 4671 4035 1143 1440 2166 3364 2230 4094 1413 1852 1991 4466 4983 4302 4557 3732 4415 2848 3800
14/07/2015	4063 1572 1120 4804 2911 2998 2511 3621 1596 2564 2157 4600 3633 4658 4009 3517
14/08/2014	4272 3563 1241 2011 2154 1185 2274 2273 2291 2365 4785 4720 3972 3699 4745 1638 3712 4780 2483 1195 1294 4281 1866 1248 3568 1748 1328
14/08/2015	4254 4299 1087 3353 3010 2480 4072 2504 3009 2833 1631 2895 1540 1706 2706 3844 2836 2825 2428
14/09/2014	3682 1770 3132 3570 3042 2415 2217 2777 2004 3620 2332 4654 4137 4897 3710 1507 2946 2802
14/09/2015	4890 4187 3364 3460 4281 4947 1678 2687 1213 3027 2750 4686 4675 2618 4648 4924
14/10/2014	3660 4112 2569 1017 3237 1256 3555 3499 4268 4008 4527 1417 3879 3551 3109 4817 1402 2337 2038 2698 3027 4477 4019 1109 3669 1504 2736
14/10/2015	4284 3681 4201 1231 1363 1076 3220 3351 2071 2537 2988 4848 1976 2710 4939 1444 1177 4325 3831 3842 4656 4998 1746 1812
14/11/2014	4040 4074 4251 4860 4003 2562 1143 2001 2353 2230 1129 2811 2679 1797 2851 2026 2960 3267 1719 4655 3830 1946 2924
14/11/2015	3390 4097 4078 4232 4322 3442 3001 2582 3120 2051 3360 1678 2019 3468 3202 3235 4864 1207
14/12/2014	4793 4650 3266 2870 2055 2153 2625 1413 1114 3918 1871 1793 1913 4360 2661 1296 3034 3030 3370 1327 4598 4712 3821 1902 2913
14/12/2015	4990 4123 3475 1242 1163 2581 3592 3803 2843 3838 1038 2666 1565 2521 1982 3566 2620 1486 4312 3998
15/01/2014	4243 3782 4762 1351 1052 1591 2160 1139 2347 1169 2355 3554 1574
15/01/2015	4183 4683 2232 1363 3166 1395 1130 3483 1171 4409 2401 3465 4676 4941 4778
15/02/2014	3080 4441 4661 4376 1011 1472 1050 1998 1751 2135 3400 3919 2322 1881 2156 3751 3960 3798 1318 3714 1966
15/02/2015	3684 2331 2583 3252 3393 1734 2757 3957 4749 1866 2416 4728 1776 2874 3259 3445 2630 4477 1703 3911 4858 1746
15/03/2014	4110 4155 4089 1121 1781 2320 3220 1437 1602 1533 2456 1652 2059 3423 2278 4217 3619 1869 2528 3209 1900
15/03/2015	3180 4230 4990 1000 2154 1570 1283 3273 1932 4936 3728 3806 1026 3289 2908 2715 2714
15/04/2014	4990 4597 2298 1018 1457 2941 1411 2324 2861 4840 4085 4162 4146 3398 1594 4914 1766 3008 1169 3565 2597 3642 4875 3667 2519 1527
15/04/2015	4152 3793 3893 2131 3604 1788 3328 2502 1776 1666 1148 2378 1398 3598 3752 4445 4119 3701
15/05/2014	4272 4492 4770 4674 1066 1561 1680 2842 1676 3576 4544 4743 2507 4342 1770 1154 3077 1107 2778 1686 1587 1267 1726 3409 3647 4813 4957
15/05/2015	4591 2077 2110 3484 1998 4606 3957 1479 2885 2245 4862 1959 1737 3452 1052 3270 1206 1403 2257 2312 1542 2156 1485 1927 4634 2816
15/06/2014	4223 1660 3045 2472 3548 1579 3502 1697 3258 2642 3059 1178 2982 2376 4314 4779 2868
15/06/2015	4177 4223 1033 1032 3165 3394 4826 4508 3948 3828 1874 1136 2730 2356 4721 4501 4468 4515 2659 1757 1658
15/07/2014	4042 4174 4245 1240 1083 2448 1897 2029 2854 1136 3225 1333 1013 1870 1881 3763 4952 1738 3855 1407 1736
15/07/2015	4671 4850 4102 2770 3738 2721 1368 1785 2873 2234 3014 1939 2509 3710 2329
15/08/2014	4993 3882 3145 2990 2670 1196 2151 1392 4083 2712 2357 1035 2553 4951 1903 1879 3956 1416
15/08/2015	4030 4790 4255 1085 1437 4507 1796 1936 2846 4483 4463 4960 3497 2188 1792 3056 1590 2084 1646 4738 2337 2676 2016 2597 1928 1728 4810 4657 3508
15/09/2014	1115 2215 1774 3226 2147 1365 2860 4511 2594 3667 4218 1428
15/09/2015	3180 1880 2243 3041 4309 3815 1347 2315 3027 2675 4521 1528 3779
15/10/2014	4024 4773 3420 1942 3039 1003 2907 2906 4534 3666 4623 4414 1978 3945 3835 2538
15/10/2015	2089 3595 3111 1031 3075 2250 4071 3182 1987 3328 2404 1127 1721 2447 1565 1144 1881 1980 4677 3885 3802
15/11/2014	4086 3992 3021 1083 2381 4390 4182 1646 2645 3304 1796 1564 2663 2432 1221 3652 1929 4500 3675 3962 3665 1817 3756 4758
15/11/2015	4871 4014 1110 3462 3022 3416 2437 2700 1930 1764 3511 1178 2443 4367 4742 1508 4107 2848 2539 3999 4825
15/12/2014	4296 3299 3123 3342 1141 2361 2173 3140 3094 4628 1711 1798 1358 3849 3425 1169 1808 4137 3508 2814 1307 2802
15/12/2015	4184 3341 2054 2392 2061 3050 3417 4607 2513 1248 2358 1632 1961 3588 2332 1729 4601 2727 4748
16/01/2014	3222 3221 1054 1194 3848 2118 2237 1961 2851 3566 1476 2520 2332 3697 4646 2716 2738 4803
16/01/2015	4185 4351 4354 4883 1197 3581 3042 3649 1404 1634 1830 1335 2632 1144 3410 4675 3940 3768 2318
16/02/2014	4172 4162 4163 4098 3662 2792 3022 1193 2093 3748 2416 4939 3612 3535 2611 1632 2796 4433 4202 2719 4935 3769 3736 2439
16/02/2015	4261 3891 2540 2991 3089 3385 3462 3380 1920 1167 3774 3655 3666 3788 1968
16/03/2014	4493 4264 4880 4431 4641 1230 2680 4270 2779 1234 2300 4136 4620 4334 4995 4567 4699 3776 4527 1603
16/03/2015	3428 1577 2511 2851 2069 2918 4700 2925 4559
16/04/2014	3189 3123 3122 3100 2011 2593 3262 2987 2866 2402 2127 2643 3617 4187 3671 3035 1097 4081 3903 3403 3248 2893 2057 3644 4515 1823
16/04/2015	3430 1062 1800 1502 3947 2139 2325 2212 2179 2377 2883 3202 3465 4268 3977 4902
16/05/2014	4373 3990 3893 1274 1494 1560 1053 4292 2666 3828 1137 2633 1466
16/05/2015	4790 4012 3463 3462 2272 3380 1017 3578 1477 1510 4563 4883 1094 1092 4717 1403 3620 2079 4313 4456 4679 4999 1649 1869 2616
16/06/2014	4056 3343 1043 2164 3582 1877 3317 2822 3107 2645 1798 1522 2259 1750 2740 3663 4721 4864 2926 4855 1958 3921
16/06/2015	4233 4267 3552 1363 2253 2682 1184 2271 3281 1876 2667 4619 3906 3456 3025 2321 3542 2948 4757 3703
16/07/2014	4671 4685 3266 3057 2484 2990 2271 1855 3327 3038 3423 1332 4345 3785 1947 1769 3758
16/07/2015	2070 4376 4585 1275 2151 2867 2569 2326 2204 4554 4774 3687 2947 2813
16/08/2014	3145 3045 2175 3380 1954 1811 2701 2149 3938 3499 3498 2805 1716 4428 4406 4162 4780 4661 4586 4388 3871 3011 1293 2993 2553 3047 3785 4831
16/08/2015	2070 4392 4782 2298 2045 2187 3144 3095 3328 3402 3424 1971 2113 3234 1782 1839 2902 4616
16/09/2014	4165 3782 4211 2122 2374 3164 4090 2746 1943 1634 2413 1257 2565 3115 3610 3909 4785 4566 4866 4823 4967
16/09/2015	3980 4387 1341 3979 2459 1941 4906 2851 1322 2794 4147 3774 3797 4953 3835
16/10/2014	4660 4792 4760 3188 3427 1358 1237 2864 3523 3248 1585 2288 3743 2827 3965 3888 4616 4847
16/10/2015	4041 4262 4067 4024 3651 4531 2089 2078 1042 1074 2658 2526 4885 4424 4204 1926 4635 4219
16/11/2014	4461 5000 3112 3442 1220 1182 3229 3325 1147 3575 3909 3608 2617 1955 2945 1889
16/11/2015	4260 3693 4431 3145 1450 3141 1181 2548 2977 4629 2525 3107 1412 2961 1916 2705 3999 2813
16/12/2014	4154 3881 4773 1242 1087 2253 3462 4071 2504 1799 1896 2687 4488 3619 3734 1979 2209 4760 4244 3596 3211 2540 3099 2679 1841 3204 2673 4259 3942 3407
16/12/2015	4495 3453 2287 2221 2044 2285 1360 2590 4192 2757 4618 2656 2600 1444 1037 2048 3168 3654 4722 1208
17/01/2014	4392 4250 2980 3595 2340 3054 1360 4182 2746 1613 1316 2855 1798 1743 1698 1013 2431 2134 4303 2905
17/01/2015	3170 4251 4120 4364 2672 3101 3310 2472 3176 1481 2271 3073 4826 2887 3205 3795 3669 4825
17/02/2014	4770 4133 4430 1581 4192 2788 3895 4788 3910 4320 2241 2460 2316 1865 2697 2059 1684 1166 4015 4710 4414 3920 1903 2813 1900
17/02/2015	3783 2485 1275 3054 2394 2436 3139 2226 3567 2851 2741 1850 2960 2883 2708 1409 4503 4647 4946
17/03/2014	4210 3221 2044 2175 3395 2581 1061 3580 2306 2008 3457 3401 2884 2730 1354 3773 4548 2407
17/03/2015	2800 2248 1652 3334 1949 3175 4810 4812 4207 4934 2616
17/04/2014	4293 4372 1186 3263 1280 1435 2788 1510 2445 3236 2907 3730 2927 4524 2309 4265 4342 4782 4244 2341 3550 2042 3592 3588 3102 4799 2517
17/04/2015	2089 2393 2999 1832 1379 2653 4411 4940 4456 1847 4505 3617 2219
17/05/2014	4480 4052 4585 4145 4586 2562 1572 2374 2010 2447 1622 3402 3620 2024 1023 2585 4103 3840 1419 4306 2627
17/05/2015	4682 3750 4971 1154 1670 2560 2381 1701 3406 4849 2755 1126 1027 2038 1499 3543 3245 4787 3776 1629 4613 3309
17/06/2014	4086 1581 1360 1646 2801 3803 2701 2469 3728 1696 1256 3203 1574 1870 3654
17/06/2015	4441 4452 4266 3661 3783 2165 3495 3582 3571 2799 2798 2444 3971 4852 2937 1529 4217 3987
17/07/2014	3181 4597 3263 2801 3559 4906 2522 1750 3477 1595 2420 2807 4229 1814 1935 1077 2954 3708 1980 2255 4335 4313 4613 4514 1549
17/07/2015	4295 3650 4234 3067 2571 2041 2349 2622 2435 2159 3521 4932 3832 4976 2979 2814 3308 2736
17/08/2014	4150 4331 4650 4398 2155 1734 2942 1356 3532 2289 2509 4262 4285 2484 2362 1371 3095 1921 3705 3426 1641 4137 4316 4833 1605 4858
17/08/2015	4079 1176 2693 3296 3061 1503 2448 1304 1501 3338 1731 3579 2632 2654 3600 3389 4556 4633 2805 3746 3801 4836
17/09/2014	4184 4683 1880 3044 1051 4804 3948 4939 2996 1585 3799 1747 2726 2604 2747 2824
17/09/2015	4064 2053 1151 2635 1348 1754 2346 1794 4576 1928 1719 4853 4711 3963 2904 3844 3877 1834
17/10/2014	4086 4695 3123 3365 1561 2264 3066 3293 3171 2823 3625 2524 1687 2950 2696 3256 4533 4962 4435 2608 4635
17/10/2015	4552 2231 3089 1491 2690 2779 2206 2524 1545 2535 2369 3568 1158 1773 2796 1937 4425 3843 2968 1878
17/11/2014	4076 4201 1450 1571 3067 2395 1635 3706 2853 3018 2993 1463 4865 1618 1827 4216 4305 4603
17/11/2015	4142 4385 4662 1264 1086 2042 2580 1832 4607 2216 3512 1697 4018 1924 2506 3319
17/12/2014	2092 4294 4690 3670 4531 2298 2143 3078 3562 1230 2252 4837 1602 3556 1047 2048 3256 4642 2958 4526 3713 1747
17/12/2015	4042 3694 3101 3584 3595 2315 3719 3818 2345 2344 1651 1475 3454 1430 4323 4389 3774 4841 1609 4678 4922
18/01/2014	2091 4233 2909 2353 1275 1462 1682 1162 2391 2390 3516 3349 2413 3348 1797 2850 3732 1816 2816 4505 4978 4814
18/01/2015	4542 2683 3398 2283 4082 1623 1215 3018 3535 3500 1893 2366 3267 2277 4820 4547 2716 2804 4526 4856 1428 3813
18/02/2014	4674 2452 2131 3041 2072 4705 1432 1134 4922 2627 2649 4088 4264 4464 4388 3495 1290 2316 3849 2138 3587 2794 4136 4832 1924 1526
18/02/2015	4172 4361 4441 3693 4277 3772 1153 2360 3130 2625 1217 2019 3009 2600 1389 2313 2995 2499 4202 3993 3985 4999 1626 2857
18/03/2014	4033 4089 4079 3541 3386 2064 3505 4915 1964 1611 1544 3610 3531 3861 4401 4127 2707 1867 4209
18/03/2015	4198 4077 4342 4013 3562 2284 1811 1425 1733 2327 2129 4817 1104 1455 1783 3543 2772 4598 3687 1549 4439
18/04/2014	3071 4574 4663 1033 1173 1084 3272 3480 3193 1129 1239 2602 2764 2796 3005 3038 3159 1332 1937 3942
18/04/2015	4078 4320 4661 4541 1547 1767 1743 1930 2699 2467 3268 1574 1497 3212 3443 4147 1904 2805 4228 4878 2879 2857 1768
18/05/2014	2081 1190 4097 4781 4585 2584 2011 4291 4716 3705 3526 1985 1204 2831 3621 2763 1573 2709 4039 4622 4019 3834 2758 1438
18/05/2015	1242 3363 1998 3938 1379 1312 2663 3058 4522 4426 4624 3518 2847 1330 2485 2240 3604 4937 2534 3104 2574 4752 1807 4417 1846
18/06/2014	4284 4561 3530 2394 2086 3072 2502 1621 1323 1026 2511 2398 4455 4931 3921 4603 4538 2637
18/06/2015	4152 3275 2492 2261 1491 2073 2170 4182 4507 1711 4807 2039 1046 3620 3113 4576 1837 1605 3855 3987
18/07/2014	3081 4394 4032 4474 3882 1099 1327 2699 1598 3369 1653 3115 2014 3311 2332 4862 4554 4974 4304 4106 4954 1449 2835
18/07/2015	3099 2370 1459 2118 3928 2794 2431 4258 4964 3776 3732 1727 2868
18/08/2014	3060 4692 4374 4233 4487 2375 2595 1130 3286 1094 1624 2399 1881 4511 4962 3731 1966 3879
18/08/2015	4593 4693 4275 4696 1919 3363 3165 4292 2624 4949 4928 2324 2366 1913 1319 4704 4165 3055 2713 2711 1685 3808 4257 1604 3528
18/09/2014	4491 2351 3033 2174 2383 1844 2108 3805 1796 2016 1432 4235 4632 4886 4679 4206 4009 2637
18/09/2015	4240 1130 1062 4915 1456 2434 1971 3036 3652 1708 3962 4756 2814 1417
18/10/2014	4174 2001 3177 2394 1490 2305 1887 4959 2688 2005 3137 1685 1761 1354 3421 4235 4126 1949 1728 4656 4546 1715 1428 3989
18/10/2015	4031 3692 1275 2241 4281 1865 2700 3718 1335 1048 2940 2785 3355 2167 3830 1905 4469 2707 4746 4527
18/11/2014	4076 1143 3584 3175 3094 4617 1426 2921 4618 3338 3348 2479 3808 2950 2543 1223 4610 3721 4979
18/11/2015	4694 3046 1340 3495 1282 2625 4947 3848 2545 1940 2115 3489 3455 2410 4598 3862 3886 3986 2704
18/12/2014	4051 4178 4058 2270 4925 3559 1773 2520 4787 4623 4008 4305 3757 2180 4482 3550 2184 1767 2710 1069 1100 4015 3961 2719 4832
18/12/2015	2221 3232 2460 3031 2490 2822 3816 2762 2255 1819 1807 4006 4217 4459 3668 3910 4627
19/01/2014	4299 1561 2573 3474 3396 3293 4292 1569 1755 2446 2137 3512 1003 2432 2322 2244 3025 2893 4579 2806 1438 4924 2615
19/01/2015	3596 1098 3077 4170 1139 2512 1588 2214 2235 1531 3224 1320 1265 4039 4733 1937 1616
19/02/2014	4266 4596 3111 3320 1350 3182 2900 2129 1158 1366 2972 3808 2245 2355 2552 3465 4009 4638
19/02/2015	4971 4388 1132 3002 3470 2072 3913 2745 2017 1342 4831 4835 4407
19/03/2014	3090 1197 2484 3184 2798 3117 2995 2795 3168 4345 4712 3309 1868 1912 3539 4935
19/03/2015	4682 1087 2164 2471 2570 1391 1170 1448 2229 3548 3358 2784 3245 3872 4169 1959 3854 4019 4417 4219
19/04/2014	3321 2490 3281 2689 3437 2620 2486 4988 3811 3878 4748 4084 4187 4121 2760 3013 2561 2560 3946 3009 2578 1620 1829 1729 4315 2838
19/04/2015	4891 4498 3084 4160 3138 3523 1466 1752 2037 2344 1178 1211 1254 4004 4610 2719 2916 3700 4977 3999 4923
19/05/2014	3681 3660 4991 4256 3461 1580 1061 3816 1257 3357 3953 1317 4464 3893 1296 2184 2160 3502 1983 2674 3740 4798 4877 4999 4957
19/05/2015	3112 3331 2275 1230 2142 2636 3727 2986 2744 2568 2996 3028 2796 1861 1663 3433 1793 1905 4008 2408 1319 3999 1768 3528
19/06/2014	1087 2472 2570 4092 1932 1017 1652 2444 1838 4824 4183 3672 2584 1275 2186 1075 2041 3491 3902 2854 2817 4656 4711 2617 3966 1109
19/06/2015	4552 3068 2694 3144 2171 1216 1212 3411 4103 3974 2948 3635 4989 2440 2286 2880 2560 2162 2083 1646 3946 1326 3905 3248 1564 1420 1829 4711 2816
19/07/2014	4155 4475 1286 1098 1020 3957 1588 1741 2830 1320 4312 4325 3863 3874 3931 2925
19/07/2015	4685 4223 4113 1373 1152 3141 2910 1456 1016 2148 1279 2685 2464 2079 3399 1907 4610 2918 3841 4667 3997 1846 2945
19/08/2014	4590 4156 4993 2177 2892 2396 1153 3330 2053 1679 2426 2755 3337 1004 1730 1894 2772 2761 2343 3866 4538
19/08/2015	4381 4572 4960 3266 2561 2394 3395 2766 1025 2488 3588 3488 4686 3987 4704 1669 3308 3868
19/09/2014	4481 4374 3022 3383 2195 3083 1788 1689 2789 3437 2115 3225 2113 1386 2804 4879 4649
19/09/2015	4780 4871 2100 1472 2184 4071 2876 3558 2379 1873 1730 1355 2872 2300 2608 2739 2837 2957 3845 1636 4737
19/10/2014	3692 4443 4960 3375 1263 1483 3483 3250 4391 3935 2656 2557 3029 2258 1268 4433 4422 4842 4700 4448 3866 3745 1429 1912
19/10/2015	2191 4260 3180 2091 4662 3882 3254 1899 4927 2433 1322 3025 3014 4312 3971 4666 4557 2528 1438
19/11/2014	4194 3573 2164 3484 1174 3030 1613 1612 2127 2247 3368 1388 2388 3520 2608 4623 3755 2946 3636 1867 1801
19/11/2015	4068 4751 1385 1770 1230 1075 2020 2042 3284 3946 4804 3937 1566 2127 3315 2885 1125 1012 4489 1628 2924 2758
19/12/2014	4271 4772 2056 1286 3100 2132 3361 2944 1356 3258 3213 2907 4526 4725 4604 3956 1908 2342 2042 1591 1391 2512 2014 3366 3663 4555 1826 3923
19/12/2015	2070 4839 3019 2401 4232 2960 4235 1384 2010 2829 4503 2293
20/01/2014	3890 4671 4991 3695 4685 2011 1196 2051 3639 2602 2106 2325 2127 1069 1036 3378 2663 3410 1650 4698 3656 4944 4406 4329
20/01/2015	2430 2682 2075 1492 4390 2889 2544 2235 3575 1001 3797 4744 3985 1967 2527
20/02/2014	4140 3782 3574 2682 1593 1580 4915 3903 3948 2315 2631 1013 2388 1100 4368 3721 3644 3766 3722 1516 2803 4418 3967
20/02/2015	3082 3692 4497 4365 3397 2438 3119 2425 2226 1621 1411 3204 3147 4015 4996 1528 4759 1889
20/03/2014	4131 4396 4453 4223 2100 2660 2031 1082 1280 1426 2669 1523 2744 3918 4125 1729 1839 4546 1957 3965
20/03/2015	3483 2592 1734 3217 1776 4708 1553 2762 1233 1771 4149 2868 4388 1570 1591 1291 2932 2678 2535 2238 4818 3205 3168 4214 4115 2517 1229
20/04/2014	4096 3881 3288 1087 3441 1681 3184 2746 1754 1259 3106 2510 1585 1573 4950 1907 4821 1309 3866
20/04/2015	3596 2550 1890 1152 1392 1380 2051 4408 1821 2018 3128 1599 2005 4710 2509 1527 3735 2209
20/05/2014	4030 4222 4563 4662 4278 4652 1395 1450 3044 2394 3450 1569 1910 2339 2746 1069 1795 4851 4237 4865 3711 1924 1636 3956
20/05/2015	1231 3504 2601 3469 1225 3718 1983 3258 4908 1365 4445 1936 3409
20/06/2014	4592 4097 4036 1182 4705 1412 4720 1816 3877 2901 4282 4283 4288 2760 2811 1500 3006 2552 4478 1927 1806 4217 1628 4714 1889
20/06/2015	4495 4992 3574 1253 2484 3253 2943 2128 2227 1532 2146 2443 1364 1595 3960 2937 4877 1848 1416
20/07/2014	4264 4287 3684 3584 2065 3957 3603 3805 4608 2499 4909 3389 2641 2036 3685 4554 4853 1619 2948 1617 4911 3507 3517
20/07/2015	4792 4352 4254 3892 3662 4223 4487 1075 3591 4518 3557 1431 2553 1067 3983 1705 2209
20/08/2014	4188 4673 2089 3420 3089 1162 3151 3405 3227 1665 3039 4819 1651 1288 2354 1342 1807 4940 4745 4769 2549
20/08/2015	4222 3167 1296 1997 2568 3926 1467 1620 4808 1069 3048 1486 1683 3762 4466 2709 3752 4227 4977 4229 3419 1218
20/09/2014	4132 4244 1908 1175 3099 3066 3208 3614 2976 1764 1224 1223 1575 3201 4323 4324 4766 1848 2946 3725 2912 1966
20/09/2015	4079 3012 2240 3241 3593 2480 2291 1259 1512 2269 4819 2169 2664 3643 3962 4403 3976 4769 2604
20/10/2014	4122 4298 4872 2065 2098 3251 2050 1833 4705 4959 1458 1139 3548 3613 3739 1742 3467 4488 4548 2836 4703
20/10/2015	3803 2104 4540 4056 2002 4389 3120 4437 2690 4081 3050
20/11/2014	4550 2892 4926 1896 2148 4808 2344 1299 2289 2607 2749 4183 4185 3255 1052 3271 2458 2754 3028 3500 4830 4339 4956 1923 4813 1768 1647
20/11/2015	3244 1110 2271 3184 1160 3208 1655 1456 1731 1477 1234 1892 1111 3663 4932 1814 1979 1306
20/12/2014	2070 4690 3496 1492 3592 1635 2876 1653 2686 2564 3014 4499 4259 2705 1869 2813
20/12/2015	2074 1788 2888 2315 4817 2028 3601 2841 1741 2047 2871 2860 2178 2101 4301 4851 4412 3712 4537 4988 3900 1647
21/01/2014	3680 4364 3596 2573 3320 2120 3010 2482 3350 2261 4490 3219 2779 3403 3315 3468 2258 2246 1661 3344 4400 2806 4216 4504
21/01/2015	4993 2870 3002 3101 2254 3462 3143 3085 1182 1081 3915 2447 2105 3379 1573 1353 2145 1232 4544 4326 1914 3954 4603 3071 4043 4023 1766 1762 2630 2399 3201 4417 3309 3967
21/02/2014	4870 3541 3343 3035 2694 3452 2483 3087 2141 3185 1677 1017 2786 1740 1146 3356 4874 4676 4018 3776 4448
21/02/2015	3390 4783 3870 1482 3329 1677 1038 3358 1905 1608 4920 3963 4876 1703
21/03/2014	4694 3695 3530 3583 3560 1073 3307 2955 2215 2149 1157 3289 2310 1133 4235 4599 4458 4932 2804 4406 3834 2109 1746
21/03/2015	4273 3870 4179 3595 2295 3913 1711 2206 1820 1500 1158 1345 3554 3179 4125 4456 4655 2729
21/04/2014	4682 4121 1033 1341 1064 4180 3615 4917 1202 2356 2411 2653 3016 2014 2255 2871 3465 4338 4922 4933 2825 2935
21/04/2015	2080 4052 3781 2043 2449 1777 2745 3515 2359 3139 2643 4907 3500 3025 3476 4016 3677 3866 1901 1768
21/05/2014	3082 4430 2056 3101 3485 2693 2380 2713 3959 1687 4807 2644 1862 3246 1916 1625
21/05/2015	3690 2594 2066 3297 1261 1888 2844 2657 2624 1821 3915 1710 1554 1697 2940 2972 1452 4533 1715 4319
21/06/2014	1190 4262 4078 3244 2221 1285 3153 1590 2172 3491 3537 3459 1655 3839 1621 4809 3135 4983 4457 4711 3678 1418
21/06/2015	4371 4651 1385 1363 2394 3361 2800 2960 2365 1518 2408 3659 4001 2364 3272 2082 3050 3649 2712 3804 1488 1961 2433 2553 4753
21/07/2014	4194 4013 1363 3560 3759 1217 2625 1994 2102 1892 2024 2068 2244 3810 4525 3811 1393 1646 1723 3306 3227 1620 1983 2775 1661 4699 1526
21/07/2015	3585 2253 1285 3814 3318 1997 3215 2961 1553 2222 1551 4328 4108 3812 2769 4429 4486 1008 3505 3128 1345 3500 4895 1808 4736
21/08/2014	1908 2396 1120 1471 2087 1832 1468 1599 1412 3368 1938 3643 4886 1816 4733 1639 4624 4822 1308 1725 1801 3308 3517
21/08/2015	4351 4431 1160 2390 1753 1510 2004 2046 4940 3752 1817 4866 3898 4526 4704 2428 4220 3013 2001 1690 2064 1391 4182 1668 2856 1422 2256 4257 4852 1968 4439 1208
21/09/2014	3660 3782 3462 1379 3611 3258 1475 4125 1619 4106 2508 1758 3517 4869 4462 3332 2088 3593 3804 2830 2533 2796 2532 2597 2871 1760 3963 4657 4712 3965 1725 4219
21/09/2015	4440 4750 1572 1780 2053 2678 1793 3960 4434 4878 3679 1515 2703
21/10/2014	4299 4201 3285 2083 4094 3428 2029 1765 3426 3127 2973 2464 3786 1419 4207 4955 1933
21/10/2015	1090 4464 2551 3178 1054 2273 3571 2008 2524 3547 2610 2169 2663 3960 3653 1902 2814 1614
21/11/2014	4672 4024 4684 4245 1176 2782 2791 2054 2192 2568 3347 1477 1740 1453 3344 1188 1980 4576 4459 2835 4902
21/11/2015	3190 4220 4355 4003 2694 2286 3484 1480 1380 4727 3737 1259 3599 2421 2410 1199 3741 4798 1979 1825
21/12/2014	4152 4473 3890 3771 4003 3210 1129 3838 2688 3303 1386 4972 1609 4137 3619 4009 2957 1834
21/12/2015	4251 1785 3488 4343 2453 1122 1397 1461 3440 4512 3391
22/01/2014	4362 4234 4036 2241 3084 4094 2328 3119 3435 1697 3104 3950 3764 4812 3713 1714 4659
22/01/2015	4273 4133 4178 3002 3160 2249 2700 1115 3872 3754 3657 1814 2081 3793 4487 2065 1371 3704 2932 2874 1562 4610 4537 3701 3868
22/02/2014	3680 4770 4135 1022 1384 2274 4192 1998 1237 1499 2344 1970 3410 2222 4268 4823 1978 4627 4860 2144 3076 3926 3607 2617 1329 1867 1724 1647 1548
22/02/2015	4760 4430 2087 2328 3719 3369 1873 2575 1651 3333 4720 4303 4205 1878
22/03/2014	4298 4211 1198 3297 3231 2393 1745 4729 2346 1796 2521 4873 3720 4955 4527 2934
22/03/2015	3181 4272 4053 2011 3054 3481 3062 1239 2625 2876 1511 1620 2885 1015 1476 2400 3674 4503 2706 3856 2517
22/04/2014	4112 4596 2991 3288 1380 2984 4389 4126 4624 3899 4967 1735 2868 4584 2320 2760 2121 2952 2236 3003 2310 2673 2917 1905 4659
22/04/2015	4890 4285 4100 1033 2085 2171 1777 2634 1202 3456 2640 4950 4312 1709 4258 4524 4799 2837 3899 2505
22/05/2014	4274 2672 1142 1283 2371 1170 3414 3916 3116 3621 2443 3487 1023 4368 2729 3799 1108 2648
22/05/2015	3082 4076 4453 4124 3034 2363 1241 1042 1493 3296 4705 2229 1105 1875 3302 1630 1993 2201 4115 4723 2617 4835
22/06/2014	4772 3166 2231 3021 1877 1116 1798 1237 3357 2004 1012 4525 3931 2109 1955 4582 3651 2440 4937 2932 2632 1488 3302 2851 4577 3985 1728 3767 4538
22/06/2015	4592 4330 3783 3342 3385 3154 3011 2294 3282 2391 2830 3918 4742 2707 1507 2749 1835 1307
22/07/2014	3082 4272 4294 4893 4498 1262 2567 1895 2840 1893 3618 2264 3095 1107 2811 1942 1347 1268 3226 1542 3203 2454 1783 1629 2956 1768
22/07/2015	4376 4695 1396 3485 2022 3361 2515 2568 2733 2765 1698 2215 1202 4411 4444 4864 1949 4601 3756 4405 3507
22/08/2014	4133 4970 4299 3046 2187 2373 3000 2062 3194 4508 2524 2028 2114 3533 2068 1709 4367 2729 4415 3645 2606 1878 1108
22/08/2015	4680 4570 4243 3252 2581 3096 4719 2798 3433 4875 4424 3742 3710 2816 2925 2419 4769 1912 1416
22/09/2014	4241 4120 1110 3387 3155 2131 4080 1756 2338 1457 1996 2964 1027 1433 3115 3698
22/09/2015	4384 1132 3067 3496 3484 1283 2062 1290 2459 3306 3504 2568 2810 2039 2005 2654 3017 1333 2212 2211 2928 4129 1922
22/10/2014	2191 4671 2033 1482 2390 3814 2404 2667 2325 3358 1630 3235 2982 2146 2929 4943 4308 4384 4387 3495 1493 3194 2515 3104 4510 2939 3786 4854
22/10/2015	4783 3178 1021 1173 1789 2601 1951 1454 1991 1793 4952 2905 3668
22/11/2014	4574 2110 3161 4508 2348 2623 2005 1310 4840 4600 4349 3997 3778 3090 4286 4024 1132 2283 3394 3470 3294 4639 2779 1302 1103 3982 3629 1924 3889 1109
22/11/2015	4781 3891 3760 4376 2650 1670 1197 1482 3483 2394 1711 3546 2688 2599 2499 2421 4467 2818 4502 4734 1834
22/12/2014	4991 4695 3024 2034 2341 1294 1480 2427 3737 1778 2568 3249 1353 4103 1819 1707 3743 3745
22/12/2015	1624 2229 4030 4162 2489 2951 3214 4045 2011 3687 2817 3637
23/01/2014	1065 4391 4925 2801 1336 3139 2688 1895 2808 3678 2727 2967 4680 3090 4660 4365 4464 1908 3255 2341 1820 1445 1005 1465 3268 3960 4679 3900 3529 3967
23/01/2015	4274 3791 4496 2595 1594 1340 1063 2074 2184 3284 3051 3459 2764 1760 1917 3741 4414 1737 3998
23/02/2014	4194 3540 2022 3065 2141 3380 2922 2537 1785 2753 3137 1299 1189 3125 3564 4931 3920 3668
23/02/2015	4377 3145 3242 1383 1512 2941 1697 3037 2861 4667 4844 4360 4583 3276 1493 3054 3393 1228 1921 2811 1842 1421 1540 4434 3609 4614
23/03/2014	4861 4520 1186 2341 2911 1964 2424 3522 1651 1199 4897 2938 1959 3832 3811 4626
23/03/2015	1384 3595 2066 1381 2392 2469 1952 3926 2930 3369 1178 1771 2718 3899 2309 1406 4748
23/04/2014	4084 4582 4021 4484 4100 1770 3287 4080 2724 3903 3107 1786 3938 4819 1653 2301 3148 3521 2673 4599 4820 4109 4825
23/04/2015	4293 1832 4163 2512 1038 1016 3882 4467 2592 4975 3380 2769
23/05/2014	4096 4099 2175 1711 4948 2666 1554 3016 1410 4587 4445 4842 3733 4847 4761 2142 1053 3350 2873 1146 3048 1928 4116 4735 2715
23/05/2015	4992 1572 3100 2990 3242 1305 1018 2149 3402 2543 3356 1035 4721 1329 1339
23/06/2014	4272 4233 4200 4673 4773 4311 2692 3361 1072 4717 1204 1951 2158 2510 4620 4038 3961 4515
23/06/2015	4282 4470 4594 2397 2374 3198 2251 3096 2181 4848 1733 1578 1489 1641 2014 3597 1298 4313 4305 1967 1306
23/07/2014	2080 4376 2909 2540 2364 3110 3384 3639 2898 3514 2348 2369 2038 3159 3225 1553 2641 2794 2398 4016 4137 4259 4853 2835
23/07/2015	4970 1295 2152 2051 4509 1116 1204 2335 3554 2475 4555 4820 1729 2729 3986 1408 1969 3635 2879 3978 1603 1724
23/08/2014	4540 1010 3817 1522 1466 1026 1124 1498 1696 1365 1398 1882 3872 3830 1639 1428 1416
23/08/2015	4150 4453 1032 2000 2196 2063 2613 1678 2458 2433 4213 4499 3797 4303 3897 3699 3911 4428
23/09/2014	3081 4894 4168 1032 3384 3649 2865 2017 1399 1948 2815 1966 3989
23/09/2015	4088 4683 3781 4102 2287 3583 4190 2294 1811 1756 2469 3413 2632 2357 3522 1486 4687 3665 2716 4967 4923 1009 2846
23/10/2014	4495 3581 1061 1181 2193 1679 2646 2645 2711 2589 1862 2873 2993 4953 4129 1506 1836 3757 4329 1746 1856 1966 2956
23/10/2015	4122 4486 4102 1360 1072 3406 2525 2557 2017 3414 1950 1564 1277 3443 4543 4127 3985 3688 3801 3308 4605
23/11/2014	4451 1231 1494 2680 2152 2900 4629 2239 1895 1752 3313 2696 4018 1308 2539
23/11/2015	4452 1583 3189 1264 1296 2362 3175 2082 2756 4706 1952 2007 2003 1276 3872 4942 4217 2847 3955 3967
23/12/2014	2290 4013 4113 3024 2645 3458 1610 2346 3599 1597 1991 4049 4744 4965 3635 4387 3650 3475 3452 2017 2533 2696 4830 4852 4854 1309 3822 3889
23/12/2015	4470 4573 4454 4894 3486 2011 2550 3286 3120 2867 4007 3679 1757 4003 3111 3210 4419 3803 2677 2555 2234 2035 4874 4436 4416
24/01/2014	4066 1781 3530 2132 1384 3353 2461 1822 4815 1566 3369 1278 3289 4852 4479 4589 3608 1009 4759
24/01/2015	4296 3651 2254 1160 1239 1324 1730 2698 3347 3026 3575 3201 3245 4677 4743 4778 4999 3539 3703 4308
24/02/2014	3180 4274 3780 4992 2495 3089 2394 1580 2170 2107 1037 2048 2442 1034 4401 4941 2706 3691 4663 3552 1296 1820 1687 3828 2511 1663 4779
24/02/2015	4540 4793 1484 1340 2681 4629 1458 1843 1138 1566 2984 1135 1982 2058 4224 3642 4666 4216 4536 3747 1757
24/03/2014	4150 4573 4442 1383 3164 2284 1052 2162 3172 2094 2071 3549 2669 3127 2411 4422 3862 1904 3911
24/03/2015	2070 4295 2485 1583 1943 3404 2743 3479 2840 3809 2310 4468 1828 4338 3703 1328 4748
24/04/2014	4492 4494 4991 2990 3022 1085 3186 2195 2504 1479 2147 4426 1935 4946 1190 3790 2141 2217 3207 1028 1544 1269 3325 2233 1904 4117 2937 4515
24/04/2015	3690 4022 4693 4122 1290 1789 2128 1435 2346 3215 3347 2499 1035 1892 1945 4979
24/05/2014	4371 4410 2133 3869 2613 1887 1501 2974 3916 1764 3138 4709 1466 1058 4169 4489 4656 1507 2957 1747
24/05/2015	2092 3255 1571 1394 3143 1811 1305 4958 4529 2613 2525 3738 1414 1117 2777 3579 3557 2632 2114 1211 3586 2946
24/06/2014	2496 1000 3153 1294 1184 2514 2437 2206 1425 3827 1622 1259 2424 1687 1410 2993 4258 4721 4403 3844 4779 4505 4946
24/06/2015	2363 1460 1074 2293 1679 3208 3305 3612 2787 2115 2202 3907 1046 3246 1474 4259 4338 3811 3812 3922 3757
24/07/2014	3012 3342 2230 3186 3482 1094 2229 1248 1677 3589 2277 2761 4774 4698 3867
24/07/2015	1000 3551 1482 3460 1844 1833 1785 2764 2355 3630 3764 3985 4019 4305 3878
24/08/2014	4340 4199 4002 4146 4190 1180 3305 3206 1677 1578 2531 2476 2432 4720 4138 3619 4218 2858 2912 2769
24/08/2015	4293 3691 4495 4353 1185 2570 1480 1514 1458 3324 3137 1872 4798 4523 3698 4778 2969 4526 1208 4747 4109 1999 2549
24/09/2014	4330 4376 1462 2154 1482 3164 2271 3183 2625 4629 3915 2446 1531 3258 1056 2929 4504 2747 3934 4364 4288 2161 1843 2799 3904 2952 3247 3887 1803
24/09/2015	4161 4155 3497 3463 3581 2041 2669 2119 3537 1425 1245 1222 1793 3787 3688 2729 4359 4954 1900 2109
24/10/2014	4130 4872 3396 1282 1040 4391 3526 3816 1201 1111 4303 1815 4119 3668 2616 2758 3517
24/10/2015	2792 2580 1292 3184 1767 1899 2975 1973 4455 4896 4996 3676 4779 4614 2406
24/11/2014	4761 4410 1792 2254 1395 3370 4617 4947 1767 1863 3817 2820 2048 1201 2256 1244 4686 2925 1649 4715
24/11/2015	4393 3680 4793 4332 3497 2694 2056 2164 3460 3152 2481 3580 2899 2547 2436 2106 4806 4938 2542 4169 4951 4996 2849
24/12/2014	4297 4594 4363 3682 2550 1076 3361 2093 2856 3729 3227 1522 3402 1510 3456 2784 4301 4853 2619 4569 1758 4868 1625 1504
24/12/2015	3092 4364 3199 3001 3373 3450 4190 2301 3467 3312 3147 2234 1463 3961 4745 4800 4118 3899 4626
25/01/2014	4042 4110 2232 1483 1129 1237 3613 1699 3905 2259 1169 3149 2148 1277 4324 2718 2607 3945
25/01/2015	4573 4694 3363 2096 4826 3537 1897 2102 3532 3894 4643 4966 1858 1615 4781 3473 4916 2578 3303 2135 2718 1903 4338 1946 3209
25/02/2014	4033 4561 1098 2570 3372 3393 3271 2437 2337 3127 2478 2312 2432 2079 4631 1917 4423 1913 1715 4416 1868
25/02/2015	4395 4420 2870 2111 3474 2295 4091 1776 1544 1027 3204 2764 3225 1355 3543 2476 3432 4741 4843 4417
25/03/2014	4055 2320 2375 3013 1022 2196 3284 1095 3109 3108 1248 1853 1420 3487 2907 4842 2949 4139 4876 3745 2989
25/03/2015	3791 2462 3494 2085 2292 1403 3925 3229 1654 2786 1751 4433 3960 1838 2408 1659 3407
25/04/2014	3181 4041 3782 1274 2671 4160 3437 3828 2930 1466 1114 2137 3028 1598 1574 3157 4444 4445 1719 1508 4736 3835 2648 2307
25/04/2015	4262 4078 2584 1143 1483 1372 1270 1081 4728 3937 3558 3301 3322 2761 4268 3752 1858
25/05/2014	4075 4495 4331 4376 4993 3068 1085 1480 1136 1212 3399 2708 3679 1339 2383 2185 2162 3051 2060 2438 2855 1204 2831 2357 1785 1103 3745
25/05/2015	2799 4384 3599 4353 4364 4433 4851 1055 3176 4787 1150 2736
25/06/2014	4860 4762 2771 1393 2271 3393 1931 2415 2401 1235 2169 3225 3488 1035 1365 1353 4499 4356 4137 2906 4623 3669 1108
25/06/2015	4230 4395 1682 1494 1372 2142 2590 2614 2867 2447 3829 2125 2982 2882 1122 1819 2938 1849 4669 1649 3879
25/07/2014	4121 4783 4322 2276 1087 2594 2261 2272 3361 1668 3359 1896 2885 1926 4106 4227 2705 1814
25/07/2015	4298 4485 3661 1561 3331 2143 1064 3173 1239 1503 3438 1442 3300 3982 4645 3986 3508 2738 3419
25/08/2014	4381 4571 4980 1383 3717 1279 2301 2213 1443 1793 3531 4147 1905 3974 3898 3876 2925 3701 2979 2209 3801 3846
25/08/2015	4662 3474 1395 1613 3439 1216 2018 1248 1158 2574 4796 4644 4369 4106 1948 4667 2507
25/09/2014	4164 4176 2011 3033 2294 3140 2218 3315 2984 2104 3939 1122 1938 2817 4766 3787 4449 3844 2406
25/09/2015	3082 4640 4288 4432 2265 2210 1097 2592 3151 1910 1699 1882 4741 4235 4336 4303 3679 3822
25/10/2014	4250 3680 2142 3193 1525 2228 2579 2975 3226 3248 3148 2597 2861 3487 4500 4941 4314 1628 4338 3976 1803 1208
25/10/2015	2191 4186 4584 4332 1044 2870 3266 3365 2363 3281 1921 2229 3426 2413 1510 2577 1366 2235 3907 4698 4776
25/11/2014	1190 4272 4492 4793 4124 2273 3560 2755 2279 1244 2288 3752 4479 4897 4006 4668 3800
25/11/2015	4277 3563 1000 3186 3031 1635 4608 4905 2314 2952 2654 2168 2486 1045 1452 4236 4910 2978 3637
25/12/2014	4194 4252 4077 4254 4178 3761 3122 1065 3484 1612 3338 1410 1991 1659 3813 4407 4124 2218 2576 3246 3521 1101 4216 4614 1506
25/12/2015	4340 3981 3321 3133 3581 3053 2548 1118 1337 1885 1313 1730 4303 4656 2825 3209
26/01/2014	4453 1032 1161 1062 1404 1645 2355 2475 2178 1672 1595 1917 4721 4658
26/01/2015	4340 4155 3640 3430 1174 2120 4171 3072 3228 2577 3236 3412 3389 1584 2321 4886 3732 3963 1804 2606 1449 2604
26/02/2014	3081 4299 1087 2451 3979 2306 1910 1514 2743 1753 3215 2027 3777 4981 3294 4738 3403 2732 1423 3226 1422 1684 3103 1761 1829 3821 4910 3529 2517 2957 1702
26/02/2015	2031 4090 2349 1711 1611 3139 3718 1753 2267 1133 4665 4348 4822 3635 1758 1438 3736 1351 2561 3175 4916 1225 2610 1520 4634
26/03/2014	4183 4330 4850 3496 3493 3140 4290 2291 2339 3537 1578 1446 2774 2399 1013 3168 3864 4636
26/03/2015	4550 3045 1382 4391 1316 2601 3336 4929 1276 1133 4323 4501 4228 3071 4881 2583 1494 2480 3847 3327 1324 1225 2312 4510 4776 4778
26/04/2014	4073 4343 1286 2778 1128 2611 2897 2555 1002 1496 3674 4488 4862 4578 1856 3989
26/04/2015	3288 1186 3375 2890 3451 2920 1114 2962 3523 1002 2882 4235 4984 4633 4315 4524 4327 4459 4778 2629 4306 3429
26/05/2014	3081 4494 4154 4562 3793 4178 3561 2581 2063 3338 2545 1456 2666 2522 2269 1235 3115 1497 2784 3764 2629 3646 2924 2758
26/05/2015	4288 4036 3298 4969 3726 3638 1325 3938 1610 1883 1784 3532 1683 4664 3986 1649 2879 2307 1768
26/06/2014	3563 1284 4071 1535 3139 2720 2621 1410 1333 3356 4148 3852 4228 3854 3832 1658 1990 2440 3253 3251 4280 3491 3094 2358 1983 2157 2837 1889 1427
26/06/2015	2427 2645 1698 2413 3707 4473 1465 1395 3995 1140 3461 1407
26/07/2014	4154 1440 2447 2722 1797 1298 3730 1717 1937 1317 4042 1692 1174 2360 3194 1305 3925 3129 3005 1740 1761 1860 1608 3820 2419 4658 1229
26/07/2015	3790 4166 4035 4387 1908 1660 3330 2294 2060 1854 3622 4808 1497 3135 4103 4898
26/08/2014	3662 4652 4091 2293 2390 2029 4828 1731 2400 2488 3137 4944 3190 4464 3573 1393 1094 3489 2079 4455 4379 1748 1209 3529 4814
26/08/2015	4150 4296 4087 4044 2771 1031 3526 2426 1315 1302 1476 3511 2454 3685 2609 4952 3864 4524 4602 3745 4924
26/09/2014	4353 4695 1086 2393 4925 1855 2426 1255 4683 4420 4586 1071 1107 1327 3448 2359 3927 1500 1940 1268 1465 3443 4730 3643 3742 4931
26/09/2015	3761 1120 2044 3273 2712 1975 1137 4719 2996 2941 3928 1784 1200 2134 1759 3658 1318
26/10/2014	4341 3233 3153 3052 3194 3282 4529 1426 2853 2028 2006 1731 2973 3719 2311 2574 2860 4105 3931 2803 4517 3956 2846
26/10/2015	4295 4197 3890 1153 3275 2273 1293 3491 3084 4292 1997 3438 3807 3709 4909 2586 4875 4337 3518 1856 4319
26/11/2014	4351 2496 3560 2193 2845 1778 4804 2966 1612 1654 1774 3279 4302 4666 4046 2342 2044 3474 1097 3450 3095 2977 2555 3005 4730
26/11/2015	3794 1385 2672 1251 2560 1040 3207 1985 2215 2578 3600 1540 4139 4503 3724 1526 1427
26/12/2014	4771 4134 2056 2175 1478 2885 3113 3531 4923 4540 4883 2187 3034 1152 1051 3946 1987 1587 1521 3402 1421 2553 2013 4037 3862 3864 4659 2737
26/12/2015	2463 3251 2922 2834 2974 2652 3289 4455 4158 4137 4985 4524 4999 1726 2736
27/01/2014	4494 4561 4121 4485 3552 3486 3284 3825 2515 3009 3717 2941 2389 1662 3465 4279 4797 4435 4314 4458 3899 2725
27/01/2015	4099 1143 4827 2745 2767 4807 2347 2840 3657 2749 4361 4783 3354 1231 1451 2100 1230 3803 2897 1401 4918 2599 2971 4656 4415 2958 3923
27/02/2014	4791 1385 3067 2550 3264 1733 1379 2325 3137 1751 4763 1837 2506 1473 2120 1194 3107 2479 1620 1003 1200 3367 2850 1947 2859
27/02/2015	4221 4310 3420 2361 2251 3590 3160 2799 2104 2234 4831 4523 4249 3975 4933 3922 1934 1648 3769
27/03/2014	4164 2991 2231 2352 2490 1921 1128 2975 3524 1434 1522 3334 3267 3850 4114 3732 4601 4317 4339 4735 2924 4318 3934
27/03/2015	4292 3748 3858 1347 2920 3118 3436 1555 3214 2487 2850 1012 4015 4864 3934 2703
27/04/2014	2070 1682 2133 2242 2381 3439 1844 4958 2745 3826 2126 1563 3908 2908 4337 4833 3778 2958 3779 2802
27/04/2015	4112 4025 4113 2980 1197 2165 3144 3450 4608 3458 2255 4873 4336 4834 3701 3735
27/05/2014	4370 4394 4014 3560 2493 3582 3083 1018 2766 2029 3569 2963 3116 2543 3312 3982 2918 4522 2917 2617 1825 2967
27/05/2015	4074 4153 4222 1000 2572 1890 3593 3054 2702 3415 4619 3959 1885 2961 2840 1641 3822 4812 4669 3877 4406 1449
27/06/2014	4040 4340 4572 4893 3264 3011 3936 2798 3458 1236 4929 2257 1575 1465 2795 3146 1650 1595 4686 1815 4713 3877 4528 2879
27/06/2015	4397 4563 4662 1483 3495 3296 2260 2391 1932 1744 3815 2645 2601 3018 2203 1245 1102 3564 3763 4700 1848 3844 2978
27/07/2014	4196 4153 4464 4124 2396 1086 1272 2370 3063 3716 1951 1596 3422 1694 2332 3630 4502 3952 4217 4987 1748
27/07/2015	4153 4133 4453 2671 4070 1092 1118 4929 3501 2466 3058 1298 4104 3730 4566 3973 4569 2759 1505 2538
27/08/2014	1010 2142 2074 2590 1589 2689 2731 1266 2036 4840 4787 4877 4899 4558 4855 4108 1417 2737 2978 3539
27/08/2015	4680 4685 3673 1484 1780 2131 3374 3593 3020 3041 3140 1722 1632 1125 2212 3246 2134 4389 4554 4611 4338 3507
27/09/2014	2180 4360 4078 4651 2176 2165 1185 1116 1303 2621 3247 1245 3289 4666 3841 4018 4526 3779
27/09/2015	3090 3772 1098 3560 1799 1864 2204 1148 3612 2631 2420 4764 1539 4108
27/10/2014	4234 3200 3089 3540 1285 3084 4969 2723 3413 1554 2762 2960 1793 4369 4029 4800 3779 2406 1190 4340 4342 4420 1809 2287 2165 2362 2164 3902 2559 3602 2315 3708 1862 3586 4951 1725
27/10/2015	1190 4692 4297 3694 4321 4794 1231 1065 1052 2460 3031 2281 3958 4806 1104 2421 1452 1430 2431 3775 4537 1967 1505
27/11/2014	1583 1240 1778 2921 1333 4226 3996 4206 2726 3878 4505 3418 3517 4062 4101 2980 2561 2436 2236 2357 1343 1540 1827 4910 2518
27/11/2015	4574 3661 3067 3165 2273 2107 4827 1259 3239 3773 4624 3679 1878 3736 4484 1196 2063 1843 2633 1742 3447 3467 3201 3608 2957 1823 1625
27/12/2014	4397 4892 3561 3087 1192 3804 3009 4729 3315 1653 2555 2323 1353 4864 3854 4657 2549 2758
27/12/2015	4222 1693 4190 3042 2061 3271 2779 4804 3438 1324 1763 3006 2433 2465 1155 3641 4039 4755 4997 2508 2506
28/01/2014	4670 2430 4947 1159 1038 2466 1454 1817 4963 3830 4563 4300 3057 2440 2065 1493 2339 2336 3447 2873 1344 4434 4317 2715 3769 2835
28/01/2015	4051 3284 4826 2789 2600 2245 2244 4345 3973 4986 3519 1516 2001 2165 3298 1295 2975 3467 1144 1287 3982 4713 2517 2912 3846
28/02/2014	3046 3033 4618 3848 3705 2601 3827 1644 2401 2983 1442 1574 2431 4741 4202 4579 4018 4316 4129 4979
28/02/2015	4471 4681 3750 3299 3472 2273 3072 1514 2348 1545 3535 1422 1355 2202 2046 4985 4877 3910 3508 1405
28/03/2014	4293 4592 4462 1908 4762 1385 1561 2022 1153 1162 2339 3439 2910 2986 3816 3808 1146 1013 2908 1939 4621 4745 1824 4835
28/03/2015	3190 4861 3471 2083 3590 1093 1523 2117 3304 3148 1355 1475 3872 3998
28/04/2014	4252 1373 2077 3804 1215 1776 2787 1279 2950 2047 3136 1034 1551 4213 2838 2847 1207
28/04/2015	3794 3298 3166 3153 4191 2757 1855 3614 3427 1643 2225 1542 3929 2300 1276 4334 4852 4788 4216 4018 2947 3659
28/05/2014	4230 4594 4650 1594 4070 2548 2954 2349 1930 1971 4809 1750 3366 4973 1509 4512 2849 2508 2408 1428 2439 2329 1218 4836
28/05/2015	4460 4573 3672 4432 2230 2019 1634 2578 2830 1026 2202 1498 2663 2376 3962 3720 1859 1846 1845 4605
28/06/2014	2034 1384 1175 2196 4190 2160 2603 4915 1566 2577 1015 2774 4246 4335 3973 4799 4911 1814 3923 2549
28/06/2015	2070 4184 4240 1231 3365 2682 1692 3385 3252 3054 1370 3361 2050 3094 3307 3119 4937 3237 3819 1023 3476 4257 3663 4428
28/07/2014	4485 3660 3244 2792 3221 1281 3727 2633 2314 1103 1442 1760 3872 4588 3830 4788 4569 4636 1759 3657 3617 2659 2802
28/07/2015	4296 4881 4551 2188 1583 3023 2495 2032 1096 3295 2171 2910 1357 1651 4313 3840 1409 4943 4437 1705 4548 4857 3878 3812
28/08/2014	4011 4397 4991 4398 3684 2298 3282 1511 3511 1233 2388 1078 4764 2849 4723 1737 1935 4167 1451 2441 2661 3277 1252 2812 3329 1469 1722 1501 1621 3663 4017 4534 4337 4832 4931 1969 4318 4637 2857
28/08/2015	4002 4883 2370 1646 2007 2106 2359 3806 2556 3545 2466 1992 1287 2233 2453 1276 1729 4019 4845 4207 3955 3922 1889
28/09/2014	4084 4261 4153 1384 2451 1185 2097 3182 1404 2713 2658 2600 2512 2424 4719 1642 3622 1136 1288 2585 4367 4148 1508 2904
28/09/2015	4585 2460 1195 2140 2590 3704 3306 2305 1832 1744 4509 1654 3017 2741 2565 2202 4809 3401 1463 4525 3755 2969
28/10/2014	4596 4167 4784 4960 3189 3221 3397 4828 3728 1303 2205 2038 1773 4435 4820 1519 4526 4846
28/10/2015	4240 3790 4187 2483 3483 3592 3063 2774 1498 2212 1078 4763 4523 4744 3309 4835 2109 1779
28/11/2014	4084 4594 2065 1592 2390 3538 4628 3914 1434 2960 3102 3762 4303 4336 3776 4689 1914 3657 4933 1824
28/11/2015	4392 4097 4110 4352 4442 4134 2331 2188 2340 2072 3547 2678 2403 2699 3039 1488 4821 2728 3735 2649 4538 1515 1438 1339
28/12/2014	2331 1340 3561 3065 3032 1415 1731 3138 1840 3246 1123 1101 3201 1584 3753 4646
28/12/2015	1086 2295 4091 3063 1997 2447 4719 2588 2764 3622 2884 3235 2222 4159 1708 4306 1406 2879 3209
29/01/2014	4140 4564 2540 3045 1074 2030 2557 1941 2302 1970 4334 4349 4779 1329 1527 1856
29/01/2015	4073 4175 4321 3486 1075 1492 1116 2810 2544 1872 4224 4368 4942 4205 2648
29/03/2014	3170 2070 4371 4693 4341 1340 3590 3083 1865 1325 1479 2534 2644 1676 1355 4775 3831 4932
29/03/2015	4131 2012 1790 2251 4092 2669 1303 4938 3358 3402 3818 1113 1476 1452 2244 4962 4699 4756 4516 1329 1867
29/04/2014	4067 3175 2181 1657 3749 1864 1512 2996 3458 1389 3027 4028 2629 3975 4404 1946
29/04/2015	4240 4375 3255 2670 2745 2415 1654 2600 2589 1126 2565 1135 1331 3763 4314 1407 2869
29/05/2014	4030 4211 3584 1285 1359 1513 2789 1798 1632 3435 1653 4764 3731 3657 2727 4261 3297 3110 2086 3098 3193 1602 1169 3204 4159 4577 1529 3922 4319 2615
29/05/2015	3290 4152 4531 3232 3077 3471 2746 2249 1303 1732 3513 2985 1401 1599 1632 1235 1697 1366 2167 4105 1926
29/06/2014	2778 4068 4630 2177 4543 4269 2087 3731 1041 2839 4866 3529
29/06/2015	4096 2496 3364 2990 3221 1183 2261 3109 3317 3206 4939 1851 1311 2431 4796 4027 4511 4852 2429 2307 3429
29/07/2014	4487 1198 2132 3242 3374 2570 2072 3549 3957 1831 2832 3938 2962 1202 3841 4831 2915 1649 4209 4616
29/07/2015	4694 2265 2110 2792 3141 4291 1875 1874 2446 2842 2234 3312 1474 1917 3677 3689 1407
29/08/2014	4692 4297 4034 4584 1099 2770 3011 1150 3480 3759 1866 2457 1366 3377 1661 1307
29/08/2015	4056 4034 3132 1602 2116 3513 3622 2246 1256 3531 3686 4744 4328 1736
29/09/2014	4197 4077 4255 4685 1077 1231 1052 2291 2402 2225 2631 2475 4763 2946 2703 4319
29/09/2015	4095 4531 3044 3560 1382 2151 2095 1918 4326 4766 4745 3657 4085 1494 3527 1764 2435 1302 3545 2510 3202 2794 1265 3982 2517
29/10/2014	1908 3552 3474 3252 3021 1987 2800 2028 1995 3348 2445 2587 3115 1498 3026 3246 1761 2233 4324 4544 3864 4615
29/10/2015	4493 4572 3924 1136 2157 3410 4499 1619 2829 4579 2926 4416 4867 4988
29/11/2014	4493 4266 4751 2276 2033 2450 3582 3639 4508 1578 1225 3545 3137 3346 1376 2365 3278 1808 4434 4469 4308
29/11/2015	3384 1182 4628 1116 2326 4509 1354 1331 3732 4580 4641 3035 3354 3051 3902 4914 3449 3503 1665 3729 3325 1366 2211 4532 4437 1649 1901 1846
29/12/2014	4243 4046 4465 2066 1174 1591 3163 2381 2183 4193 2535 3817 2611 1246 3324 2355 4963 4800 1504
29/12/2015	4095 4285 4010 4352 4199 1220 1165 3363 2448 3306 1358 3118 3369 1444 2563 4037 4645 3633 2309 2825 2836 1218
30/01/2014	4073 4372 2909 2254 2199 2132 3221 3815 3115 4884 4242 1391 1424 1522 1566 2578 1268 1301 1488 1146 4434 4513 4832 3964 3767 3309 2758
30/01/2015	4550 4101 2386 3079 3021 3195 3603 2513 3904 2267 1918 4647 2989
30/03/2014	4461 4243 4024 2990 3297 3283 3348 3718 2764 2663 3026 3201 3267 4169 1849 4887 4646 4735 4615 1988 1757
30/03/2015	4242 4110 4001 3761 1176 1164 4094 4606 2734 2500 4919 1685 1442 1959 1617 4449
30/04/2014	2562 2991 1163 1053 4391 4193 1810 1205 2701 1325 2875 1444 1520 3511 2994 4785 3784 4401 4039 4799 4403 3812 1999 3703
30/04/2015	3088 3164 2073 2724 2689 2601 1332 4588 3677 4701 3855 3878 4042 4166 4101 4002 3472 3704 1304 3327 1566 3326 2159 1323 3445 4612 1945 1923
30/05/2014	4297 2111 1021 2350 3481 4606 1632 3917 2201 2146 4622 3996 4901 4902 4363 4165 4661 4860 1908 1693 1110 2120 1690 1050 3649 2832 2612 1842 4917 2831 1125 2773 2857 2219 1922
30/05/2015	4260 4163 4671 2441 1283 3590 2229 2228 3717 1366 2343 3664 2719 2519 4548 3967
30/06/2014	4044 4870 4683 3464 3263 4091 4290 2943 1754 3447 1674 3389 3476 4842 2849 1935 1418 3508 3768 2758
30/06/2015	1670 1175 3276 2184 4959 2569 3926 1864 1376 2311 4455 2919 4588 4215 1649
30/07/2014	4085 3180 3792 4045 4354 3772 3482 2293 2160 1536 4509 1215 2612 1753 2303 1895 3435 1562 4972 4412 4416 4933
30/07/2015	2091 4372 4450 4795 1264 3132 3600 2599 3929 2476 3465 3256 4548 3519 3911 2208 1108
30/08/2014	4086 1077 3277 3222 3360 1800 1712 1964 2996 2786 1421 2266 1782 4950 4224 4217 2605
30/08/2015	3364 2394 3031 2371 4193 2008 2435 3128 1002 2530 3410 2013 4566 3698 1815 2805 3679 4714 2747
30/09/2014	4134 3672 3750 3122 2164 4190 2271 1182 1877 1602 1854 4937 2787 3049 2477 1102 3356 3465 1793 2729 1827 4867 1736
30/09/2015	4293 4274 3164 4092 2193 2270 2071 3859 3915 1017 3117 4906 1016 3556 1892 2266 4301 2727 4381 3211 1943 3827 1269 3345 4632 2816 1603
30/10/2014	4275 4572 4375 3266 3381 4749 2107 1997 2587 2048 1618 2707 4426 2706 4782 4344 3111 1888 2998 2755 2435 3906 2533 1565 1740 1564 2530 3982 4018 2815 2934
30/10/2015	1910 1700 1656 2876 4762 1341 1939 3952 1095 2639 2260
30/11/2014	3390 4890 4494 2584 3505 2955 4828 3524 2467 2345 1574 2003 3411 1486 4532 4797 4786 1615 2726 3901
30/11/2015	4482 4574 1088 3066 3304 3227 2765 1565 3545 1223 4104 4964 3677 1804 2914 1659 1538 2505 1504
30/12/2014	4881 1077 2210 4190 3260 3737 2107 4959 2951 2785 3038 1023 4269 3864 3910 3965 4966 4505 3857 4803
30/12/2015	3191 4058 3562 2790 1491 2140 3738 2810 2997 1963 3579 2970 3971 4565 4863 1509 2507 1527 1769
31/01/2014	4077 4375 2495 3583 3184 2303 1554 3456 3015 2761 4400 4744 3713 4924 4443 1297 3474 2164 3131 2732 1148 1367 1860 3268 1905 4616 4715 3769
31/01/2015	2352 2272 2229 2723 3413 3215 2566 3159 4427 1957 3713 4640 1198 2243 3332 3111 1593 1273 3193 4838 2512 3589 2356 3500 1123 1584 3646
31/03/2014	4274 4046 1572 2023 2375 3056 3494 4091 2293 3150 4706 2524 2656 2589 2698 1476 1387 4769 4539
31/03/2015	4470 4212 3046 2584 3231 3582 2171 2783 3289 3498 2211 4555 4655 4678 3736
31/05/2014	3980 4674 2055 2154 2990 3362 2293 1316 3515 1556 3612 2445 2763 2025 1452 4567 4985 4743 3930 1716 1999 4124 2336 1883 2059 1387 3466 1948 3645
31/05/2015	4782 1583 2441 2040 1853 1039 2612 3029 1422 2247 3410 2288 4215 1739 3897
31/07/2014	3060 4014 2450 2174 1061 2071 2944 1115 1797 2423 2961 2222 3790 3431 1471 2040 1390 3505 3847 2559 2799 1687 2973 3300 3768
31/07/2015	4022 4187 4266 3651 3871 1010 2450 3292 1800 2756 4816 1347 3938 2687 1212 2433 1233 1364 1386 1905 2937 4646 2516 2769
31/08/2014	4684 4124 3189 2042 3283 3480 4518 2679 1224 4214 4753 4434 4424 3852 4667 4535 4316 1913 4526 3987 4725
31/08/2015	1090 4670 1909 2023 3077 3451 3593 2294 1239 2448 2356 2960 1442 3996 1944
31/10/2014	4450 2155 3240 2942 3437 1991 4389 4566 2309 2769 4021 4681 4265 3277 3571 3590 2973 1168 2310 3762 4433 3840 4019 2738 1109 1648
31/10/2015	4882 4244 4773 4322 2089 3122 1502 1787 1981 4675 2839 2827 2627 4934 2439
